<!DOCTYPE html><html lang="en"><head><meta charSet="utf-8"/><meta name="viewport" content="width=device-width, initial-scale=1"/><meta name="viewport" content="width=device-width, initial-scale=1"/><link rel="preload" as="image" href="/next-assets/images/down-arrow.png"/><link rel="preload" as="image" href="/next-assets/images/tree-map-1.png"/><link rel="preload" as="image" imageSrcSet="https://nsearchives.nseindia.com//web/banner/2025-05/WebBanner_636x555_May2025_20250529102058.jpg?w=640 640w, https://nsearchives.nseindia.com//web/banner/2025-05/WebBanner_636x555_May2025_20250529102058.jpg?w=750 750w, https://nsearchives.nseindia.com//web/banner/2025-05/WebBanner_636x555_May2025_20250529102058.jpg?w=828 828w, https://nsearchives.nseindia.com//web/banner/2025-05/WebBanner_636x555_May2025_20250529102058.jpg?w=1080 1080w, https://nsearchives.nseindia.com//web/banner/2025-05/WebBanner_636x555_May2025_20250529102058.jpg?w=1200 1200w, https://nsearchives.nseindia.com//web/banner/2025-05/WebBanner_636x555_May2025_20250529102058.jpg?w=1920 1920w, https://nsearchives.nseindia.com//web/banner/2025-05/WebBanner_636x555_May2025_20250529102058.jpg?w=2048 2048w, https://nsearchives.nseindia.com//web/banner/2025-05/WebBanner_636x555_May2025_20250529102058.jpg?w=3840 3840w" imageSizes="100vw" fetchPriority="high"/><link rel="preload" as="image" imageSrcSet="https://nsearchives.nseindia.com//web/banner/2025-03/New_Web_Banner_636x55504_20250327145135.webp?w=640 640w, https://nsearchives.nseindia.com//web/banner/2025-03/New_Web_Banner_636x55504_20250327145135.webp?w=750 750w, https://nsearchives.nseindia.com//web/banner/2025-03/New_Web_Banner_636x55504_20250327145135.webp?w=828 828w, https://nsearchives.nseindia.com//web/banner/2025-03/New_Web_Banner_636x55504_20250327145135.webp?w=1080 1080w, https://nsearchives.nseindia.com//web/banner/2025-03/New_Web_Banner_636x55504_20250327145135.webp?w=1200 1200w, https://nsearchives.nseindia.com//web/banner/2025-03/New_Web_Banner_636x55504_20250327145135.webp?w=1920 1920w, https://nsearchives.nseindia.com//web/banner/2025-03/New_Web_Banner_636x55504_20250327145135.webp?w=2048 2048w, https://nsearchives.nseindia.com//web/banner/2025-03/New_Web_Banner_636x55504_20250327145135.webp?w=3840 3840w" imageSizes="100vw" fetchPriority="high"/><link rel="preload" as="image" imageSrcSet="https://nsearchives.nseindia.com//web/banner/2025-03/LanguageBanner_Final_20250315191415.jpg?w=640 640w, https://nsearchives.nseindia.com//web/banner/2025-03/LanguageBanner_Final_20250315191415.jpg?w=750 750w, https://nsearchives.nseindia.com//web/banner/2025-03/LanguageBanner_Final_20250315191415.jpg?w=828 828w, https://nsearchives.nseindia.com//web/banner/2025-03/LanguageBanner_Final_20250315191415.jpg?w=1080 1080w, https://nsearchives.nseindia.com//web/banner/2025-03/LanguageBanner_Final_20250315191415.jpg?w=1200 1200w, https://nsearchives.nseindia.com//web/banner/2025-03/LanguageBanner_Final_20250315191415.jpg?w=1920 1920w, https://nsearchives.nseindia.com//web/banner/2025-03/LanguageBanner_Final_20250315191415.jpg?w=2048 2048w, https://nsearchives.nseindia.com//web/banner/2025-03/LanguageBanner_Final_20250315191415.jpg?w=3840 3840w" imageSizes="100vw" fetchPriority="high"/><link rel="preload" as="image" href="/next-assets/images/NSE_Logo.svg" fetchPriority="high"/><link rel="preload" as="image" imageSrcSet="/_next/image?url=%2Fnext-assets%2Fimages%2Fnifty-50.png&amp;w=128&amp;q=75 1x, /_next/image?url=%2Fnext-assets%2Fimages%2Fnifty-50.png&amp;w=256&amp;q=75 2x" fetchPriority="high"/><link rel="preload" as="image" imageSrcSet="/_next/image?url=%2Fnext-assets%2Fimages%2Fgift-nifty.png&amp;w=48&amp;q=75 1x, /_next/image?url=%2Fnext-assets%2Fimages%2Fgift-nifty.png&amp;w=96&amp;q=75 2x" fetchPriority="high"/><link rel="preload" as="image" href="https://nsearchives.nseindia.com/web/sites/default/files/2020-08/about_nse.jpg"/><link rel="preload" as="image" href="https://nsearchives.nseindia.com/web/sites/default/files/2020-08/gorup_companies.jpg"/><link rel="stylesheet" href="/_next/static/css/9e82f8ad4598f00b.css" data-precedence="next"/><link rel="stylesheet" href="/_next/static/css/3598f534c4ba590c.css" data-precedence="next"/><link rel="stylesheet" href="/_next/static/css/37fa6aa7d1e49ca3.css" data-precedence="next"/><link rel="stylesheet" href="/_next/static/css/5012eb5309e03a2e.css" data-precedence="next"/><link rel="stylesheet" href="/_next/static/css/4aac873b04bf943b.css" data-precedence="next"/><link rel="preload" as="script" fetchPriority="low" nonce="MC40ODI3OTkwOTIw" href="/_next/static/chunks/webpack-652948a5887f5334.js"/><script src="/_next/static/chunks/fd9d1056-331a5f711614b75a.js" async="" nonce="MC40ODI3OTkwOTIw"></script><script src="/_next/static/chunks/2117-8159bd4d94edbfeb.js" async="" nonce="MC40ODI3OTkwOTIw"></script><script src="/_next/static/chunks/main-app-3d16533bfd85ee7d.js" async="" nonce="MC40ODI3OTkwOTIw"></script><script src="/_next/static/chunks/870fdd6f-44410c7205f00992.js" async="" nonce="MC40ODI3OTkwOTIw"></script><script src="/_next/static/chunks/13b76428-7de9559f29955819.js" async="" nonce="MC40ODI3OTkwOTIw"></script><script src="/_next/static/chunks/ee46dcfd-e002a585dbc97043.js" async="" nonce="MC40ODI3OTkwOTIw"></script><script src="/_next/static/chunks/52271efe-0e24235401e280d0.js" async="" nonce="MC40ODI3OTkwOTIw"></script><script src="/_next/static/chunks/4531-dc3d81228e233e36.js" async="" nonce="MC40ODI3OTkwOTIw"></script><script src="/_next/static/chunks/887-269286506ddc5cd8.js" async="" nonce="MC40ODI3OTkwOTIw"></script><script src="/_next/static/chunks/5308-38beac743b5f0639.js" async="" nonce="MC40ODI3OTkwOTIw"></script><script src="/_next/static/chunks/8003-1eb9d4112d403de3.js" async="" nonce="MC40ODI3OTkwOTIw"></script><script src="/_next/static/chunks/9363-d168ff99bd589467.js" async="" nonce="MC40ODI3OTkwOTIw"></script><script src="/_next/static/chunks/6092-73fb079cb2d1df06.js" async="" nonce="MC40ODI3OTkwOTIw"></script><script src="/_next/static/chunks/app/page-311f592295dc4518.js" async="" nonce="MC40ODI3OTkwOTIw"></script><script src="/_next/static/chunks/app/layout-c3cc68b6e25c0011.js" async="" nonce="MC40ODI3OTkwOTIw"></script><link rel="preload" href="https://www.googletagmanager.com/gtag/js?id=&#x27;G-87M7PJ3R97" as="script" nonce="MC40ODI3OTkwOTIw"/><link rel="preload" as="image" href="https://nsearchives.nseindia.com/web/sites/default/files/2020-08/products.jpg"/><link rel="preload" as="image" href="https://nsearchives.nseindia.com/web/sites/default/files/2019-07/market-snapshot_0.png"/><link rel="preload" as="image" href="https://nsearchives.nseindia.com/web/sites/default/files/2019-07/option-chain_0.png"/><link rel="preload" as="image" href="https://nsearchives.nseindia.com/web/sites/default/files/2023-04/1_1_0.jpg"/><link rel="preload" as="image" href="https://nsearchives.nseindia.com/web/sites/default/files/2019-07/investor-home.png"/><link rel="preload" as="image" href="https://nsearchives.nseindia.com/web/sites/default/files/2019-07/product-home.png"/><link rel="preload" as="image" href="https://nsearchives.nseindia.com/web/sites/default/files/2024-02/Artboard1.jpg"/><link rel="preload" as="image" href="https://nsearchives.nseindia.com/web/sites/default/files/2019-07/corporate-home.png"/><link rel="preload" as="image" href="https://nsearchives.nseindia.com/web/sites/default/files/2019-07/company-compliance-info.png"/><link rel="preload" as="image" href="https://nsearchives.nseindia.com/web/sites/default/files/2024-01/Banner%201%20-%20100X%2080.png"/><link rel="preload" as="image" href="https://nsearchives.nseindia.com/web/sites/default/files/2019-07/members-home.png"/><link rel="preload" as="image" href="https://nsearchives.nseindia.com/web/sites/default/files/2019-07/members-portal.png"/><link rel="preload" as="image" href="https://nsearchives.nseindia.com/web/sites/default/files/2019-07/exchange-comunication.png"/><link rel="preload" as="image" href="https://nsearchives.nseindia.com/web/sites/default/files/2020-10/find-a-course_0.png"/><link rel="preload" as="image" href="https://nsearchives.nseindia.com/web/sites/default/files/2020-08/NSEKH%20theme.jpg"/><link rel="preload" as="image" href="https://nsearchives.nseindia.com/web/sites/default/files/2019-07/NCFM.png"/><link rel="preload" as="image" href="https://nsearchives.nseindia.com/web/sites/default/files/2021-05/Exchange_communication-100x80.png"/><link rel="preload" as="image" href="https://nsearchives.nseindia.com/web/sites/default/files/2021-05/Daily_reports-100x80.png"/><link rel="preload" as="image" href="https://nsearchives.nseindia.com/web/sites/default/files/2024-12/Market-Data-Products-100-X-80px.jpg"/><link rel="preload" as="image" href="https://nsearchives.nseindia.com/web/sites/default/files/2023-09/Artboard1.jpg"/><link rel="preload" as="image" href="https://nsearchives.nseindia.com/web/sites/default/files/2023-07/2.jpg"/><link rel="preload" as="image" href="https://nsearchives.nseindia.com/web/sites/default/files/2023-07/3.jpg"/><link rel="preload" as="image" href="https://nsearchives.nseindia.com/web/sites/default/files/2023-08/Publications.png"/><link rel="preload" as="image" href="https://nsearchives.nseindia.com/web/sites/default/files/2023-08/Initiavtives.png"/><link rel="preload" as="image" href="https://nsearchives.nseindia.com/web/sites/default/files/2023-08/Engagement.png"/><title>NSE - National Stock Exchange of India Ltd: Live Share/Stock Market News &amp;amp; Updates, Quotes- Nseindia.com</title><meta name="description" content="NSE India (National Stock Exchange of India Ltd) – LIVE Share/Stock Market Updates Today. Get all latest share market news, live charts, analysis, ipo, stock/share tips, indices, equity, currency and commodity market, derivatives, finance, budget, mutual fund, bond and corporate announcements more on NSEindia.com."/><link rel="icon" href="/favicon.ico" type="image/x-icon" sizes="16x16"/><meta name="keywords" content="NSE, National Stock Exchange, NSE India, Stock Exchange in India, stock exchange, share markets, stock markets, currency market, currency exchange, interest rate, live stock market, share market in india, share market news, live charts, analysis, IPO, stock/share tips, indices, equity market, currency market, commodity market, derivatives, finance, budget, mutual fund, bond, corporate announcements, NSEindia.com"/><meta property="og:title" content="NSE - National Stock Exchange of India Ltd"/><meta property="og:description" content="NSE India (National Stock Exchange of India Ltd) – LIVE Share/Stock Market Updates Today. Get all latest share market news, live charts, analysis, IPO, stock/share tips, indices, equity, currency and commodity market, derivatives, finance, budget, mutual fund, bond, and corporate announcements more on NSEindia.com."/><meta property="og:image" content="https://www.nseindia.com/assets/images/nse-thumbnail.jpg"/><meta property="og:url" content="https://www.nseindia.com"/><meta property="og:site_name" content="NSE India"/><meta property="og:locale" content="en_US"/><meta property="og:type" content="website"/><meta property="og:image:width" content="1084"/><meta property="og:image:height" content="492"/><meta name="twitter:card" content="summary"/><meta name="twitter:title" content="NSE - National Stock Exchange of India Ltd"/><meta name="twitter:description" content="NSE India (National Stock Exchange of India Ltd) – LIVE Share/Stock Market Updates Today. Get all latest share market news, live charts, analysis, IPO, stock/share tips, indices, equity, currency and commodity market, derivatives, finance, budget, mutual fund, bond, and corporate announcements more on NSEindia.com."/><meta name="twitter:image" content="https://www.nseindia.com/assets/images/nse-thumbnail.jpg"/><meta name="twitter:domain" content="NSE India"/><meta property="twitter:site" content="@NSEIndia"/><meta property="fb:app_id" content="XXX"/><meta name="author" content="NSE India"/><meta name="apple-itunes-app" content="app-id=XXX"/><meta name="google-play-app" content="app-id=XXX"/><meta name="msApplication-ID" content="App"/><meta name="msApplication-PackageFamilyName" content="XXX"/><meta name="msapplication-TileImage" content="XXX"/><meta name="HandheldFriendly" content="true"/><meta http-equiv="content-language" content="en-in"/><meta name="geo.position" content="19.0705638;72.8556971"/><meta name="geo.placename" content="Mumbai"/><meta name="geo.region" content="IN-MH"/><meta name="ahrefs-site-verification" content="7864f660fc98a53e5653b37c31643652415febf5b2a3fd9813c79c27e0c7bb7f"/><meta name="google-site-verification" content="ozKdXdMsYpDsSgPpIM8Tc-uhBk-b_Sd1TEr6s6SZYHk"/><link rel="canonical" href="https://www.nseindia.com"/><link rel="alternate" href="android-app:// XXX"/><link rel="alternate" hrefLang="x-default" href="https://www.nseindia.com"/><link rel="alternate" hrefLang="en" href="https://www.nseindia.com"/><link rel="alternate" hrefLang="hi" href="https://www.nseindia.com/hindi"/><link rel="alternate" hrefLang="mr" href="https://www.nseindia.com/marathi"/><link rel="alternate" hrefLang="gu" href="https://www.nseindia.com/gujarati"/><link rel="alternate" hrefLang="bn" href="https://www.nseindia.com/bengali"/><link rel="alternate" hrefLang="ta" href="https://www.nseindia.com/tamil"/><link rel="alternate" hrefLang="kn" href="https://www.nseindia.com/kannada"/><link rel="alternate" hrefLang="te" href="https://www.nseindia.com/telugu"/><link rel="alternate" hrefLang="pa" href="https://www.nseindia.com/punjabi"/><link rel="alternate" hrefLang="ml" href="https://www.nseindia.com/malayalam"/><link rel="alternate" hrefLang="or" href="https://www.nseindia.com/oriya"/><link rel="alternate" hrefLang="as" href="https://www.nseindia.com/assamese"/><link rel="alternate" hrefLang="ur" href="https://www.nseindia.com/urdu"/><meta name="google-site-verification" content="googleb59f7c7ef5eafee6.html"/><meta name="google-site-verification" content="a0SXQajMAfYycXFa2lONpspBidYBMtD9dTxm_6m9rbw"/><script type="text/javascript" src="/next-assets/javascript/bootstrap.bundle.min.js" defer=""></script><meta itemProp="name" content="NSE - National Stock Exchange of India Ltd"/><meta itemProp="description" content="NSE India (National Stock Exchange of India Ltd) – LIVE Share/Stock Market Updates Today. Get all latest share market news, live charts, analysis, IPO, stock/share tips, indices, equity, currency and commodity market, derivatives, finance, budget, mutual fund, bond, and corporate announcements more on NSEindia.com."/><meta itemProp="image" content="https://static.nseindia.com/nse-india.png"/><script nonce="MC40ODI3OTkwOTIw">(self.__next_s=self.__next_s||[]).push([0,{"nonce":"MC40ODI3OTkwOTIw","id":"next-runtime"}])</script><script src="/_next/static/chunks/polyfills-42372ed130431b0a.js" noModule="" nonce="MC40ODI3OTkwOTIw"></script>
<script>(window.BOOMR_mq=window.BOOMR_mq||[]).push(["addVar",{"rua.upush":"false","rua.cpush":"false","rua.upre":"false","rua.cpre":"false","rua.uprl":"false","rua.cprl":"false","rua.cprf":"false","rua.trans":"","rua.cook":"false","rua.ims":"false","rua.ufprl":"false","rua.cfprl":"false","rua.isuxp":"false","rua.texp":"norulematch","rua.ceh":"false","rua.ueh":"false","rua.ieh.st":"0"}]);</script>
                              <script>!function(a){var e="https://s.go-mpulse.net/boomerang/",t="addEventListener";if("False"=="True")a.BOOMR_config=a.BOOMR_config||{},a.BOOMR_config.PageParams=a.BOOMR_config.PageParams||{},a.BOOMR_config.PageParams.pci=!0,e="https://s2.go-mpulse.net/boomerang/";if(window.BOOMR_API_key="RF6LV-Y7HBS-S5S4P-HB5LE-V8XXL",function(){function n(e){a.BOOMR_onload=e&&e.timeStamp||(new Date).getTime()}if(!a.BOOMR||!a.BOOMR.version&&!a.BOOMR.snippetExecuted){a.BOOMR=a.BOOMR||{},a.BOOMR.snippetExecuted=!0;var i,_,o,r=document.createElement("iframe");if(a[t])a[t]("load",n,!1);else if(a.attachEvent)a.attachEvent("onload",n);r.src="javascript:void(0)",r.title="",r.role="presentation",(r.frameElement||r).style.cssText="width:0;height:0;border:0;display:none;",o=document.getElementsByTagName("script")[0],o.parentNode.insertBefore(r,o);try{_=r.contentWindow.document}catch(O){i=document.domain,r.src="javascript:var d=document.open();d.domain='"+i+"';void(0);",_=r.contentWindow.document}_.open()._l=function(){var a=this.createElement("script");if(i)this.domain=i;a.id="boomr-if-as",a.src=e+"RF6LV-Y7HBS-S5S4P-HB5LE-V8XXL",BOOMR_lstart=(new Date).getTime(),this.body.appendChild(a)},_.write("<bo"+'dy onload="document._l();">'),_.close()}}(),"".length>0)if(a&&"performance"in a&&a.performance&&"function"==typeof a.performance.setResourceTimingBufferSize)a.performance.setResourceTimingBufferSize();!function(){if(BOOMR=a.BOOMR||{},BOOMR.plugins=BOOMR.plugins||{},!BOOMR.plugins.AK){var e=""=="true"?1:0,t="",n="bvdqgyixgzjmq2cwucuq-f-bf71e5a94-clientnsv4-s.akamaihd.net",i="false"=="true"?2:1,_={"ak.v":"39","ak.cp":"53793","ak.ai":parseInt("509815",10),"ak.ol":"0","ak.cr":3,"ak.ipv":4,"ak.proto":"http/1.1","ak.rid":"4e57208","ak.r":37676,"ak.a2":e,"ak.m":"x","ak.n":"essl","ak.bpcip":"13.71.3.0","ak.cport":8135,"ak.gh":"23.54.82.196","ak.quicv":"","ak.tlsv":"tls1.3","ak.0rtt":"","ak.0rtt.ed":"","ak.csrc":"-","ak.acc":"bbr","ak.t":"1750507689","ak.ak":"hOBiQwZUYzCg5VSAfCLimQ==15Dh2nInDT59kfbW1k/tNmWtq7j8W5FdGHVNydP4kjCDikq42jgrl9p2kVYOMz7nKw/N4NRc8euPFbTwcYZ+mwW2LySHhjvEUUeX71jl2DYUZym/XNAnNqd4DrzOVmrY6L+BNc3LMPuDVYVVykrQCkEhK8zCnOs1U8GuhqUg5dLc38N3KSIH9LWAwGNikAZ8Jl4d8WLSqG+DBQe2psSiiAWgplJ03FIMTTn8bvaRHHqF5Rn+Zbvk6Dgl0oHEh3CRqanyOtHI5CrsMK7WkbVwrzmpZUbshNP3R04BnJJloQVYaajC0YoSjjQIK5ltxH76nKRTjgQIGhCApD2uBhufs0zABuipjCNRw5RSrTUijDEgf1Pu6ztBDoyLLfu7t2T7TU7Q2vJqKnZsL99Vmv+UiHxoJjm+p6j9qGdKfWjB0Xs=","ak.pv":"181","ak.dpoabenc":"","ak.tf":i};if(""!==t)_["ak.ruds"]=t;var o={i:!1,av:function(e){var t="http.initiator";if(e&&(!e[t]||"spa_hard"===e[t]))_["ak.feo"]=void 0!==a.aFeoApplied?1:0,BOOMR.addVar(_)},rv:function(){var a=["ak.bpcip","ak.cport","ak.cr","ak.csrc","ak.gh","ak.ipv","ak.m","ak.n","ak.ol","ak.proto","ak.quicv","ak.tlsv","ak.0rtt","ak.0rtt.ed","ak.r","ak.acc","ak.t","ak.tf"];BOOMR.removeVar(a)}};BOOMR.plugins.AK={akVars:_,akDNSPreFetchDomain:n,init:function(){if(!o.i){var a=BOOMR.subscribe;a("before_beacon",o.av,null,null),a("onbeacon",o.rv,null,null),o.i=!0}return this},is_complete:function(){return!0}}}}()}(window);</script></head><body id="layout" class=""><header class="fixed_top"><div class="top_header dark_blue_bg"><div class="container"><div class="row"><div class="col-12"><ul class="list-style top_right_section"><li><a href="/option-chain">Option Chain</a></li><li><span class="cursor-pointer">Market Turnover</span></li><li><a href="/market-data/new-stock-exchange-listings-today">Listings</a></li><li><a href="/market-data/all-upcoming-issues-ipo">IPO</a></li><li><a href="/resources/exchange-communication-circulars">Circulars</a></li><li><a href="/all-reports">Daily Report</a></li><li><a href="/resources/exchange-communication-holidays">Holidays</a></li><li><a href="/companies-listing/corporate-filings-application">Corporates</a></li><li><a href="/resources/exchange-communication-press-releases">Press Releases</a></li><li><a href="/contact/contact-us">Contact Us</a></li><li class="cust_select"><div class="dropdown"><button class="dropbtn dark_blue_bg">English<img src="/next-assets/images/down-arrow.png" alt="arrow" width="auto"/></button><div class="dropdownContent text-start"><div>English</div><div>हिन्दी (Hindi)</div><div>मराठी (Marathi)</div><div>ગુજરાતી (Gujarati)</div><div>বাংলা (Bengali)</div><div>ಕನ್ನಡ (Kannada)</div><div>தமிழ் (Tamil)</div><div>తెలుగు (Telugu)</div><div>ਪੰਜਾਬੀ (Punjabi)</div><div>മലയാളം (Malayalam)</div><div>ଓଡ଼ିଆ (Oriya)</div><div>অসমীয়া (Assamese)</div><div>اردو (Urdu)</div></div></div></li><li class="dropdown"><svg aria-hidden="true" focusable="false" data-prefix="fas" data-icon="child-reaching" class="svg-inline--fa fa-child-reaching fa-icon access_icon" role="img" xmlns="http://www.w3.org/2000/svg" viewBox="0 0 384 512"><path fill="currentColor" d="M256 64A64 64 0 1 0 128 64a64 64 0 1 0 128 0zM152.9 169.3c-23.7-8.4-44.5-24.3-58.8-45.8L74.6 94.2C64.8 79.5 45 75.6 30.2 85.4s-18.7 29.7-8.9 44.4L40.9 159c18.1 27.1 42.8 48.4 71.1 62.4L112 480c0 17.7 14.3 32 32 32s32-14.3 32-32l0-96 32 0 0 96c0 17.7 14.3 32 32 32s32-14.3 32-32l0-258.4c29.1-14.2 54.4-36.2 72.7-64.2l18.2-27.9c9.6-14.8 5.4-34.6-9.4-44.3s-34.6-5.5-44.3 9.4L291 122.4c-21.8 33.4-58.9 53.6-98.8 53.6c-12.6 0-24.9-2-36.6-5.8c-.9-.3-1.8-.7-2.7-.9z"></path></svg><div class="dropdownContent text-start"><div>Font Size<br/><button class="font_plus">A+</button> <!-- -->|<!-- --> <button class="font_reset">Reset</button> <!-- -->|<!-- --> <button class="font_minus">A-</button></div><div>Contrast<br/><button class="link_contrast1">High Contrast</button> <!-- -->|<!-- --> <button class="link_contrast_reset">Reset</button></div></div></li></ul></div></div></div></div><div class="main_menu"><div class="container"><div class="main-logo-menu"><div class="row"><div class="col-xxl-2 col-xl-2 col-lg-2 col-md-2 col-sm-3 col-3 pt-md-2"><a class="navbar-brand w-50" href="/"><img alt="logo" fetchPriority="high" width="120" height="100" decoding="async" data-nimg="1" class="img-fluid main_logo" style="color:transparent" src="/next-assets/images/NSE_Logo.svg"/></a></div><div class="col-xxl-4 col-xl-4 col-lg-4 col-md-10 col-sm-9 col-9 pt-md-2"><div class="input-group get-quote-search"><div class="rbt" style="outline:none;position:relative" tabindex="-1"><div style="display:flex;flex:1;height:100%;position:relative"><input autoComplete="off" placeholder="|" type="text" aria-autocomplete="both" aria-expanded="false" aria-haspopup="listbox" role="combobox" class="rbt-input-main form-control rbt-input" value=""/><input aria-hidden="true" class="rbt-input-hint" readOnly="" style="background-color:transparent;border-color:transparent;box-shadow:none;color:rgba(0, 0, 0, 0.54);left:0;pointer-events:none;position:absolute;top:0;width:100%" tabindex="-1" value=""/></div></div><span class="input-group-text search_icon"><svg xmlns="http://www.w3.org/2000/svg" width="16" height="16" class="bi bi-search" viewBox="0 0 16 16"><path d="M11.742 10.344a6.5 6.5 0 1 0-1.397 1.398h-.001q.044.06.098.115l3.85 3.85a1 1 0 0 0 1.415-1.414l-3.85-3.85a1 1 0 0 0-.115-.1zM12 6.5a5.5 5.5 0 1 1-11 0 5.5 5.5 0 0 1 11 0"></path></svg></span></div></div><div class="col-xxl-5 col-xl-5 col-lg-5 col-md-12 col-sm-12 col-12"><div class="nifty-menu"><ul class="list-style-border"><li class="desktoplogo pt-md-2"><a href="/index-tracker/NIFTY 50" target="_blank" class="subtitle_text"><img alt="nifty-50-logo" fetchPriority="high" width="101" height="40" decoding="async" data-nimg="1" class="img-fluid nifty_logo" style="color:transparent" srcSet="/_next/image?url=%2Fnext-assets%2Fimages%2Fnifty-50.png&amp;w=128&amp;q=75 1x, /_next/image?url=%2Fnext-assets%2Fimages%2Fnifty-50.png&amp;w=256&amp;q=75 2x" src="/_next/image?url=%2Fnext-assets%2Fimages%2Fnifty-50.png&amp;w=256&amp;q=75"/></a></li><li><div class="index_val"><div class="mobilelogo"><a href="/index-tracker/NIFTY 50" target="_blank" class="subtitle_text"><img alt="nifty-50-logo" fetchPriority="high" width="101" height="40" decoding="async" data-nimg="1" class="img-fluid nifty_logo" style="color:transparent" srcSet="/_next/image?url=%2Fnext-assets%2Fimages%2Fnifty-50.png&amp;w=128&amp;q=75 1x, /_next/image?url=%2Fnext-assets%2Fimages%2Fnifty-50.png&amp;w=256&amp;q=75 2x" src="/_next/image?url=%2Fnext-assets%2Fimages%2Fnifty-50.png&amp;w=256&amp;q=75"/></a></div><div class="index_value">25,112.40<span><svg aria-hidden="true" focusable="false" data-prefix="fas" data-icon="caret-up" class="svg-inline--fa fa-caret-up fa-icon green_text" role="img" xmlns="http://www.w3.org/2000/svg" viewBox="0 0 320 512"><path fill="currentColor" d="M182.6 137.4c-12.5-12.5-32.8-12.5-45.3 0l-128 128c-9.2 9.2-11.9 22.9-6.9 34.9s16.6 19.8 29.6 19.8l256 0c12.9 0 24.6-7.8 29.6-19.8s2.2-25.7-6.9-34.9l-128-128z"></path></svg></span></div><div class="index_prize green_text">319.15<span class="green_text">(<!-- -->1.29<!-- -->%)</span></div><div class="index_date"><ul class="list-style-border"><li class="timestamp">20-Jun-2025 15:30 IST</li></ul></div><div class="streaming"><span>Streaming</span> <img alt="streaming_logo" loading="lazy" width="25" height="25" decoding="async" data-nimg="1" style="color:transparent" src="/next-assets/images/stream-button.gif"/></div><div><div id="stream-wrapper" class="stream-range-freq-tooltip d-none"><div class="stream-button-wrapper d-flex flex-column"><span><b>Streaming</b></span><div class="switch2"><input id="cc-toggle" class="check-toggle check-toggle-round-flat header-stream-toggle" type="checkbox"/><label for="cc-toggle"></label><span class="on">on</span><span class="off">off</span></div></div><div class="stream-freq-wrapper d-flex flex-column"><span><b>Streaming Speed</b></span><div class="stream-freq-input-wrapper-header"><div class="header-stream-left-text">Slow</div><div class="header-stream-middle-text">Medium</div><div class="header-stream-right-text">Fast</div><input type="range" min="1" max="3" step="1" class="header-stream-range" style="height:5px;width:180px" value="3"/></div></div></div></div></div></li><li><div id="market-status" style="max-width:185px;width:100%;min-height:70px"><div class="slick-slider slick-initialized" dir="ltr"><div class="slick-list"><div class="slick-track" style="width:700%;left:-100%"><div data-index="-1" tabindex="-1" class="slick-slide slick-cloned" aria-hidden="true" style="width:14.285714285714286%"><div><div tabindex="-1" style="width:100%;display:inline-block"><div class="mkt_widget indicative_closing px-0" style="border:0"><div id="marketStat-mktcap"><span class="mkt-title">Market Capitalization</span><div class="darkTxt"><span class="inr"><svg aria-hidden="true" focusable="false" data-prefix="fas" data-icon="indian-rupee-sign" class="svg-inline--fa fa-indian-rupee-sign " role="img" xmlns="http://www.w3.org/2000/svg" viewBox="0 0 320 512"><path fill="currentColor" d="M0 64C0 46.3 14.3 32 32 32l64 0 16 0 176 0c17.7 0 32 14.3 32 32s-14.3 32-32 32l-56.2 0c9.6 14.4 16.7 30.6 20.7 48l35.6 0c17.7 0 32 14.3 32 32s-14.3 32-32 32l-35.6 0c-13.2 58.3-61.9 103.2-122.2 110.9L274.6 422c14.4 10.3 17.7 30.3 7.4 44.6s-30.3 17.7-44.6 7.4L13.4 314C2.1 306-2.7 291.5 1.5 278.2S18.1 256 32 256l80 0c32.8 0 61-19.7 73.3-48L32 208c-17.7 0-32-14.3-32-32s14.3-32 32-32l153.3 0C173 115.7 144.8 96 112 96L96 96 32 96C14.3 96 0 81.7 0 64z"></path></svg></span> Lac Crs <!-- -->445.45<!-- --> | Tn $ <!-- -->5.14<div class="widget_body"><p class="next_date"><span class="giftnifty-tradedate">20-Jun-2025</span></p></div></div></div></div></div></div></div><div data-index="0" class="slick-slide slick-active slick-current" tabindex="-1" aria-hidden="false" style="outline:none;width:14.285714285714286%"><div><div tabindex="-1" style="width:100%;display:inline-block"><div class="mkt_widget indicative_closing px-0" style="border:0"><div id="marketStat-giftnifty" class="widget_head marketStat-giftnifty"><div class="giftNifty"><img alt="gift-nifty-logo" fetchPriority="high" width="33" height="26" decoding="async" data-nimg="1" style="color:transparent" srcSet="/_next/image?url=%2Fnext-assets%2Fimages%2Fgift-nifty.png&amp;w=48&amp;q=75 1x, /_next/image?url=%2Fnext-assets%2Fimages%2Fgift-nifty.png&amp;w=96&amp;q=75 2x" src="/_next/image?url=%2Fnext-assets%2Fimages%2Fgift-nifty.png&amp;w=96&amp;q=75"/><span class="expirydate">Futures 26-Jun-2025</span></div><div class="logo_with_text giftNifty_val"><span class="lastprice">25,022.00</span><span class="per "> <svg aria-hidden="true" focusable="false" data-prefix="fas" data-icon="caret-down" class="svg-inline--fa fa-caret-down fa-icon red_text" role="img" xmlns="http://www.w3.org/2000/svg" viewBox="0 0 320 512"><path fill="currentColor" d="M137.4 374.6c12.5 12.5 32.8 12.5 45.3 0l128-128c9.2-9.2 11.9-22.9 6.9-34.9s-16.6-19.8-29.6-19.8L32 192c-12.9 0-24.6 7.8-29.6 19.8s-2.2 25.7 6.9 34.9l128 128z"></path></svg></span><span class="per red_text"> <!-- -->-107.00<!-- --> <!-- -->(-0.43%)</span></div></div><div class="widget_body" style="margin-top:-4px"><p class="next_date"><span class="giftnifty-tradedate">21-Jun-2025 02:51 IST</span></p></div></div></div></div></div><div data-index="1" class="slick-slide" tabindex="-1" aria-hidden="true" style="outline:none;width:14.285714285714286%"><div><div tabindex="-1" style="width:100%;display:inline-block"><div class="mkt_widget  px-0" style="border:0"><div id="marketStat-usdinr" class="widget_head marketStat-giftnifty"><div class="usdInr"><span class="curr">USDINR</span><span class="darkTxt">  Futures </span></div><div class="logo_with_text usdInr_val"><span><span class="darkTxt">26-Jun-2025 | </span><span class="inr"> <svg aria-hidden="true" focusable="false" data-prefix="fas" data-icon="indian-rupee-sign" class="svg-inline--fa fa-indian-rupee-sign " role="img" xmlns="http://www.w3.org/2000/svg" viewBox="0 0 320 512"><path fill="currentColor" d="M0 64C0 46.3 14.3 32 32 32l64 0 16 0 176 0c17.7 0 32 14.3 32 32s-14.3 32-32 32l-56.2 0c9.6 14.4 16.7 30.6 20.7 48l35.6 0c17.7 0 32 14.3 32 32s-14.3 32-32 32l-35.6 0c-13.2 58.3-61.9 103.2-122.2 110.9L274.6 422c14.4 10.3 17.7 30.3 7.4 44.6s-30.3 17.7-44.6 7.4L13.4 314C2.1 306-2.7 291.5 1.5 278.2S18.1 256 32 256l80 0c32.8 0 61-19.7 73.3-48L32 208c-17.7 0-32-14.3-32-32s14.3-32 32-32l153.3 0C173 115.7 144.8 96 112 96L96 96 32 96C14.3 96 0 81.7 0 64z"></path></svg></span><span class="darkTxt">86.6700</span></span></div></div><div class="widget_body" style="margin-top:-4px"><p class="next_date"><span class="giftnifty-tradedate">20-Jun-2025 17:00</span></p></div></div></div></div></div><div data-index="2" class="slick-slide" tabindex="-1" aria-hidden="true" style="outline:none;width:14.285714285714286%"><div><div tabindex="-1" style="width:100%;display:inline-block"><div class="mkt_widget indicative_closing px-0" style="border:0"><div id="marketStat-mktcap"><span class="mkt-title">Market Capitalization</span><div class="darkTxt"><span class="inr"><svg aria-hidden="true" focusable="false" data-prefix="fas" data-icon="indian-rupee-sign" class="svg-inline--fa fa-indian-rupee-sign " role="img" xmlns="http://www.w3.org/2000/svg" viewBox="0 0 320 512"><path fill="currentColor" d="M0 64C0 46.3 14.3 32 32 32l64 0 16 0 176 0c17.7 0 32 14.3 32 32s-14.3 32-32 32l-56.2 0c9.6 14.4 16.7 30.6 20.7 48l35.6 0c17.7 0 32 14.3 32 32s-14.3 32-32 32l-35.6 0c-13.2 58.3-61.9 103.2-122.2 110.9L274.6 422c14.4 10.3 17.7 30.3 7.4 44.6s-30.3 17.7-44.6 7.4L13.4 314C2.1 306-2.7 291.5 1.5 278.2S18.1 256 32 256l80 0c32.8 0 61-19.7 73.3-48L32 208c-17.7 0-32-14.3-32-32s14.3-32 32-32l153.3 0C173 115.7 144.8 96 112 96L96 96 32 96C14.3 96 0 81.7 0 64z"></path></svg></span> Lac Crs <!-- -->445.45<!-- --> | Tn $ <!-- -->5.14<div class="widget_body"><p class="next_date"><span class="giftnifty-tradedate">20-Jun-2025</span></p></div></div></div></div></div></div></div><div data-index="3" tabindex="-1" class="slick-slide slick-cloned" aria-hidden="true" style="width:14.285714285714286%"><div><div tabindex="-1" style="width:100%;display:inline-block"><div class="mkt_widget indicative_closing px-0" style="border:0"><div id="marketStat-giftnifty" class="widget_head marketStat-giftnifty"><div class="giftNifty"><img alt="gift-nifty-logo" fetchPriority="high" width="33" height="26" decoding="async" data-nimg="1" style="color:transparent" srcSet="/_next/image?url=%2Fnext-assets%2Fimages%2Fgift-nifty.png&amp;w=48&amp;q=75 1x, /_next/image?url=%2Fnext-assets%2Fimages%2Fgift-nifty.png&amp;w=96&amp;q=75 2x" src="/_next/image?url=%2Fnext-assets%2Fimages%2Fgift-nifty.png&amp;w=96&amp;q=75"/><span class="expirydate">Futures 26-Jun-2025</span></div><div class="logo_with_text giftNifty_val"><span class="lastprice">25,022.00</span><span class="per "> <svg aria-hidden="true" focusable="false" data-prefix="fas" data-icon="caret-down" class="svg-inline--fa fa-caret-down fa-icon red_text" role="img" xmlns="http://www.w3.org/2000/svg" viewBox="0 0 320 512"><path fill="currentColor" d="M137.4 374.6c12.5 12.5 32.8 12.5 45.3 0l128-128c9.2-9.2 11.9-22.9 6.9-34.9s-16.6-19.8-29.6-19.8L32 192c-12.9 0-24.6 7.8-29.6 19.8s-2.2 25.7 6.9 34.9l128 128z"></path></svg></span><span class="per red_text"> <!-- -->-107.00<!-- --> <!-- -->(-0.43%)</span></div></div><div class="widget_body" style="margin-top:-4px"><p class="next_date"><span class="giftnifty-tradedate">21-Jun-2025 02:51 IST</span></p></div></div></div></div></div><div data-index="4" tabindex="-1" class="slick-slide slick-cloned" aria-hidden="true" style="width:14.285714285714286%"><div><div tabindex="-1" style="width:100%;display:inline-block"><div class="mkt_widget  px-0" style="border:0"><div id="marketStat-usdinr" class="widget_head marketStat-giftnifty"><div class="usdInr"><span class="curr">USDINR</span><span class="darkTxt">  Futures </span></div><div class="logo_with_text usdInr_val"><span><span class="darkTxt">26-Jun-2025 | </span><span class="inr"> <svg aria-hidden="true" focusable="false" data-prefix="fas" data-icon="indian-rupee-sign" class="svg-inline--fa fa-indian-rupee-sign " role="img" xmlns="http://www.w3.org/2000/svg" viewBox="0 0 320 512"><path fill="currentColor" d="M0 64C0 46.3 14.3 32 32 32l64 0 16 0 176 0c17.7 0 32 14.3 32 32s-14.3 32-32 32l-56.2 0c9.6 14.4 16.7 30.6 20.7 48l35.6 0c17.7 0 32 14.3 32 32s-14.3 32-32 32l-35.6 0c-13.2 58.3-61.9 103.2-122.2 110.9L274.6 422c14.4 10.3 17.7 30.3 7.4 44.6s-30.3 17.7-44.6 7.4L13.4 314C2.1 306-2.7 291.5 1.5 278.2S18.1 256 32 256l80 0c32.8 0 61-19.7 73.3-48L32 208c-17.7 0-32-14.3-32-32s14.3-32 32-32l153.3 0C173 115.7 144.8 96 112 96L96 96 32 96C14.3 96 0 81.7 0 64z"></path></svg></span><span class="darkTxt">86.6700</span></span></div></div><div class="widget_body" style="margin-top:-4px"><p class="next_date"><span class="giftnifty-tradedate">20-Jun-2025 17:00</span></p></div></div></div></div></div><div data-index="5" tabindex="-1" class="slick-slide slick-cloned" aria-hidden="true" style="width:14.285714285714286%"><div><div tabindex="-1" style="width:100%;display:inline-block"><div class="mkt_widget indicative_closing px-0" style="border:0"><div id="marketStat-mktcap"><span class="mkt-title">Market Capitalization</span><div class="darkTxt"><span class="inr"><svg aria-hidden="true" focusable="false" data-prefix="fas" data-icon="indian-rupee-sign" class="svg-inline--fa fa-indian-rupee-sign " role="img" xmlns="http://www.w3.org/2000/svg" viewBox="0 0 320 512"><path fill="currentColor" d="M0 64C0 46.3 14.3 32 32 32l64 0 16 0 176 0c17.7 0 32 14.3 32 32s-14.3 32-32 32l-56.2 0c9.6 14.4 16.7 30.6 20.7 48l35.6 0c17.7 0 32 14.3 32 32s-14.3 32-32 32l-35.6 0c-13.2 58.3-61.9 103.2-122.2 110.9L274.6 422c14.4 10.3 17.7 30.3 7.4 44.6s-30.3 17.7-44.6 7.4L13.4 314C2.1 306-2.7 291.5 1.5 278.2S18.1 256 32 256l80 0c32.8 0 61-19.7 73.3-48L32 208c-17.7 0-32-14.3-32-32s14.3-32 32-32l153.3 0C173 115.7 144.8 96 112 96L96 96 32 96C14.3 96 0 81.7 0 64z"></path></svg></span> Lac Crs <!-- -->445.45<!-- --> | Tn $ <!-- -->5.14<div class="widget_body"><p class="next_date"><span class="giftnifty-tradedate">20-Jun-2025</span></p></div></div></div></div></div></div></div></div></div><ul style="display:block" class="slick-dots"><li class="slick-active"><button>1</button></li><li class=""><button>2</button></li><li class=""><button>3</button></li></ul></div></div></li></ul></div></div></div></div></div><div class="main_nav"><div class="container-fluid container-lg container-xl container-xxl ps-0 pe-0"><nav class=" navbar  menu_mobile_toggle navbar-expand-lg navbar-light  "><div class="menu_toggle_wrapper"><button class="navbar-toggler mobile_hamburger" type="button" data-bs-toggle="collapse" data-bs-target="#navbarSupportedContent" aria-controls="navbarSupportedContent" aria-expanded="false" aria-label="Toggle navigation">Menu <svg aria-hidden="true" focusable="false" data-prefix="fas" data-icon="bars" class="svg-inline--fa fa-bars " role="img" xmlns="http://www.w3.org/2000/svg" viewBox="0 0 448 512"><path fill="currentColor" d="M0 96C0 78.3 14.3 64 32 64l384 0c17.7 0 32 14.3 32 32s-14.3 32-32 32L32 128C14.3 128 0 113.7 0 96zM0 256c0-17.7 14.3-32 32-32l384 0c17.7 0 32 14.3 32 32s-14.3 32-32 32L32 288c-17.7 0-32-14.3-32-32zM448 416c0 17.7-14.3 32-32 32L32 448c-17.7 0-32-14.3-32-32s14.3-32 32-32l384 0c17.7 0 32 14.3 32 32z"></path></svg></button></div><div class="collapse navbar-collapse" id="navbarSupportedContent"><ul class="navbar-nav me-auto"><li class="nav-item"><a class="nav-link active" aria-current="page" href="/">Home</a></li><li class="nav-item dropdown "><a role="button" class="nav-link dd-link" href="#" id="link_1">About</a><div class="dropdown-menu " aria-labelledby="link_1"><div class="container-fluid container-lg container-xl container-xxl"><div class="row mrow" id="aboutDropdownContent"><div class="col-md-4 dropdown-column"><h3 class="title_text">About NSE</h3><ul class="nav flex-column"><li class="nav-item"><a class="nav-link" href="/national-stock-exchange/about-nse-company">About Us</a></li><li class="nav-item"><a class="nav-link" href="/structure-key-personnel/corporate-structure">Structure &amp; Key Personnel</a></li><li class="nav-item"><a class="nav-link" href="/investor-relations/announcements">Investor Relations</a></li><li class="nav-item"><a class="nav-link" href="/national-stock-exchange/awards-recognition">Awards and Recognitions</a></li><li class="nav-item"><a class="nav-link" href="/regulations/exchange-market-regulations-rules-byelaws-nseil">Regulations</a></li><li class="nav-item"><a class="nav-link" href="/event-gallery">Event Gallery</a></li><li class="nav-item"><a class="nav-link" href="/resources/exchange-communication-media-center">Media</a></li><li class="nav-item"><a class="nav-link" href="/resources/exchange-communication-holidays">Holidays</a></li><li class="nav-item"><a class="nav-link" href="/careers-at-nse">Careers</a></li><li class="nav-item"><a class="nav-link" href="/contact/contact-us">Contact Us</a></li></ul></div><div class="col-md-4 dropdown-column"><h3 class="title_text">NSE Group companies</h3><ul class="nav flex-column"><li class="nav-item"><a class="nav-link" href="/nse-academy/nse-academy-overview">NSE Academy</a></li><li class="nav-item"><a class="nav-link" href="/nse-clearing">NSE Clearing</a></li><li class="nav-item"><a class="nav-link" href="/nse-data-and-analytics">NSE Data &amp; Analytics</a></li><li class="nav-item"><a class="nav-link" href="/nse-foundation/about-us">NSE Foundation</a></li><li class="nav-item"><a class="nav-link" href="/nse-indices">NSE Indices</a></li><li class="nav-item"><a class="nav-link" href="/nse-international-exchange/about">NSE International Exchange</a></li><li class="nav-item"><a class="nav-link" href="/nseint_clearing/nse-international-clearing-overview">NSE International Clearing</a></li><li class="nav-item"><a class="nav-link" href="/nse-investments">NSE Investments</a></li><li class="nav-item"><a class="nav-link" href="/national-stock-exchange/our-group">View all</a></li></ul></div><div class="col-md-4 dropdown-column"><h3 class="title_text">Products &amp; Services</h3><ul class="nav flex-column"><li class="nav-item"><a class="nav-link" href="/products-services/about-equity-market">Equity Market</a></li><li class="nav-item"><a class="nav-link" href="/products-services/about-indices">Indices</a></li><li class="nav-item"><a class="nav-link" href="/products-services/emerge-platform-about-sme">Emerge Platform</a></li><li class="nav-item"><a class="nav-link" href="/products-services/mf-about-mfss">Mutual Funds</a></li><li class="nav-item"><a class="nav-link" href="/products-services/about-equity-derivatives">Equity Derivatives</a></li><li class="nav-item"><a class="nav-link" href="/products-services/about-currency-derivatives">Currency Derivatives</a></li><li class="nav-item"><a class="nav-link" href="/products-services/about-commodity-derivatives">Commodity Derivatives</a></li><li class="nav-item"><a class="nav-link" href="/products-services/about-interest-rate-derivatives">Interest Rate Derivatives</a></li><li class="nav-item"><a class="nav-link" href="/products-services/fixed-income-debt-overview">Fixed Income and Debt</a></li><li class="nav-item"><a class="nav-link" href="/products-services/about-initial-public-offerings">Public Issues</a></li></ul></div></div></div><div class="btm_row_ddmenu"><div class="container"><div class="row"><div class="col-md-4 menuFootNote"><div class="content"><a href="https://www.nseindia.com/national-stock-exchange/about-nse-company"><figure><img src="https://nsearchives.nseindia.com/web/sites/default/files/2020-08/about_nse.jpg" alt="About Us" width="100" height="80"/></figure><h4 class="subtitle_text">About Us</h4><p>Find everything about the leading stock exchange of India</p></a></div></div><div class="col-md-4 menuFootNote"><div class="content"><a href="https://www.nseindia.com/national-stock-exchange/our-group"><figure><img src="https://nsearchives.nseindia.com/web/sites/default/files/2020-08/gorup_companies.jpg" alt="Our Group" width="100" height="80"/></figure><h4 class="subtitle_text">Our Group</h4><p>Check NSE&#x27;s group of the companies</p></a></div></div><div class="col-md-4 menuFootNote"><div class="content"><a href="https://www.nseindia.com/products-services"><figure><img src="https://nsearchives.nseindia.com/web/sites/default/files/2020-08/products.jpg" alt="Our Products" width="100" height="80"/></figure><h4 class="subtitle_text">Our Products</h4><p>Browse a comprehensive and innovative product and service offerings by NSE</p></a></div></div></div></div></div></div></li><li class="nav-item dropdown "><a role="button" class="nav-link dd-link" href="#" id="link_2">Market Data</a><div class="dropdown-menu " aria-labelledby="link_2"><div class="container-fluid container-lg container-xl container-xxl"><div class="row mrow" id="aboutDropdownContent"><div class="col-md-3 dropdown-column"><h3 class="title_text">Equity</h3><ul class="nav flex-column"><li class="nav-item"><a class="nav-link" href="/market-data/new-stock-exchange-listings-today">New Listings</a></li><li class="nav-item"><a class="nav-link" href="/market-data/pre-open-market-cm-and-emerge-market">Pre-Open Market</a></li><li class="nav-item"><a class="nav-link" href="/market-data/live-equity-market">Equity &amp; SME Market</a></li><li class="nav-item"><a class="nav-link" href="/market-data/live-market-indices">Indices</a></li><li class="nav-item"><a class="nav-link" href="/market-data/top-gainers-losers">Gainers/Losers</a></li><li class="nav-item"><a class="nav-link" href="/market-data/most-active-equities">Most Active Equities</a></li><li class="nav-item"><a class="nav-link" href="/market-data/upper-band-hitters">Price Band Hitters</a></li><li class="nav-item"><a class="nav-link" href="/market-data/52-week-high-equity-market">52 Week High/Low</a></li><li class="nav-item"><a class="nav-link" href="/market-data/large-deals">Large Deals</a></li><li class="nav-item"><a class="nav-link" href="/market-data/advance">Advances / Declines</a></li><li class="nav-item"><a class="nav-link" href="/market-data/securities-lending-and-borrowing">Securities Lending &amp; Borrowing</a></li><li class="nav-item"><a class="nav-link" href="/market-data/stocks-in-call-auction">Call auction for Illiquid Securities</a></li><li class="nav-item"><a class="nav-link" href="/market-data/securities-available-for-trading">Securities available for Trading</a></li><li class="nav-item"><a class="nav-link" href="/market-data/price-bands-surveillance-actions">Price Bands &amp; Surveillance Actions</a></li><li class="nav-item"><a class="nav-link" href="/all-reports/historical-equities-fii-fpi-dii-trading-activity">Position/Investment Limits</a></li><li class="nav-item"><a class="nav-link" href="/market-data/legend-of-series">Legend of series</a></li><li class="nav-item"><a class="nav-link" href="/all-reports">Daily Reports</a></li><li class="nav-item"><a class="nav-link" href="/resources/historical-reports-capital-market-daily-monthly-archives">Historical Reports</a></li></ul></div><div class="col-md-3 dropdown-column"><h3 class="title_text">Derivatives</h3><ul class="nav flex-column"><li class="nav-item"><a class="nav-link" href="/market-data/equity-derivatives-watch">Derivatives Market</a></li><li class="nav-item"><a class="nav-link" href="/option-chain">Option Chain</a></li><li class="nav-item"><a class="nav-link" href="/market-data/most-active-contracts">Most Active Contracts</a></li><li class="nav-item"><a class="nav-link" href="/market-data/most-active-underlying">Most Active Underlying</a></li><li class="nav-item"><a class="nav-link" href="/market-data/oi-spurts">Change in Open Interest</a></li><li class="nav-item"><a class="nav-link" href="/market-data/liquidity-enhancement-scheme">Liquidity Enhancement Scheme</a></li><li class="nav-item"><a class="nav-link" href="/market-data/securities-information-contracts-available-for-trading">Contracts available for Trading</a></li><li class="nav-item"><a class="nav-link" href="/all-reports-derivatives">Daily Reports</a></li><li class="nav-item"><a class="nav-link" href="/resources/historical-reports-capital-market-daily-monthly-archives-derivative-market">Historical Reports</a></li></ul></div><div class="col-md-3 dropdown-column"><h3 class="title_text">Debt &amp; Fixed Income</h3><ul class="nav flex-column"><li class="nav-item"><a class="nav-link" href="/market-data/bonds-traded-in-capital-market">Traded on CM</a></li><li class="nav-item"><a class="nav-link" href="/market-data/debt-market-reporting-corporate-bonds-traded-on-exchange">CBRICS</a></li><li class="nav-item"><a class="nav-link" href="/market-data/debt-market-request-for-quote-rfq">RFQ</a></li><li class="nav-item"><a class="nav-link" href="/market-data/debt-market-negotiated-trades-reporting">Negotiated Trades</a></li><li class="nav-item"><a class="nav-link" href="/market-data/debt-market-trade-repository">Trade Repository</a></li><li class="nav-item"><a class="nav-link" href="/market-data/debt-market-tri-party-repo">Tri-Party Repo</a></li><li class="nav-item"><a class="nav-link" href="/all-reports-debt">Daily Reports</a></li><li class="nav-item"><a class="nav-link" href="/resources/historical-reports-capital-market-daily-monthly-archives-debt-market">Historical Reports</a></li></ul></div><div class="col-md-3 dropdown-column"><h3 class="title_text">Primary Markets</h3><ul class="nav flex-column"><li class="nav-item"><a class="nav-link" href="/market-data/all-upcoming-issues-ipo">IPO</a></li><li class="nav-item"><a class="nav-link" href="/market-data/all-upcoming-issues-ofs">Offer For Sale</a></li><li class="nav-item"><a class="nav-link" href="/market-data/all-upcoming-issues-mutual-fund">Mutual Fund</a></li><li class="nav-item"><a class="nav-link" href="/market-data/all-upcoming-issues-ncb-gsec">NCB G-SEC</a></li><li class="nav-item"><a class="nav-link" href="/market-data/all-upcoming-issues-ofs-ipp">Institutional Placement Program (IPP)</a></li><li class="nav-item"><a class="nav-link" href="/market-data/all-upcoming-issues-ofs-tender-offer">Tender Offer</a></li><li class="nav-item"><a class="nav-link" href="/market-data/all-upcoming-issues-ofs-rights">Rights</a></li><li class="nav-item"><a class="nav-link" href="/market-data/all-upcoming-issues-ofs-invits">INVITS</a></li><li class="nav-item"><a class="nav-link" href="/market-data/all-upcoming-issues-ofs-reits">REITS</a></li><li class="nav-item"><a class="nav-link" href="/market-data/all-upcoming-issues-ofs-reverse-book-building">Reverse Book Building</a></li></ul></div></div></div><div class="btm_row_ddmenu"><div class="container"><div class="row"><div class="col-md-4 menuFootNote"><div class="content"><a href="https://www.nseindia.com/market-data/analysis-and-tools-capital-market-snapshot"><figure><img src="https://nsearchives.nseindia.com/web/sites/default/files/2019-07/market-snapshot_0.png" alt="Market Snapshot" width="100" height="80"/></figure><h4 class="subtitle_text">Market Snapshot</h4><p>Live Analysis of top gainers/losers, most active securities/contracts, price band hitters, overview of the market.</p></a></div></div><div class="col-md-4 menuFootNote"><div class="content"><a href="https://www.nseindia.com/option-chain"><figure><img src="https://nsearchives.nseindia.com/web/sites/default/files/2019-07/option-chain_0.png" alt="Option Chain" width="100" height="80"/></figure><h4 class="subtitle_text">Option Chain</h4><p>View Option chain for the exchange</p></a></div></div><div class="col-md-4 menuFootNote"><div class="content"><a href="https://www.nseindia.com/resources/historical-reports-capital-market-daily-monthly-archives"><figure><img src="https://nsearchives.nseindia.com/web/sites/default/files/2023-04/1_1_0.jpg" alt="Historical Reports" width="100" height="80"/></figure><h4 class="subtitle_text">Historical Reports</h4><p> View Historical Reports of securities/contracts traded on the Exchange.</p></a></div></div></div></div></div></div></li><li class="nav-item dropdown "><a role="button" class="nav-link dd-link" href="#" id="link_3">Invest</a><div class="dropdown-menu " aria-labelledby="link_3"><div class="container-fluid container-lg container-xl container-xxl"><div class="row mrow" id="aboutDropdownContent"><div class="col-md-4 dropdown-column"><h3 class="title_text">Investor Education</h3><ul class="nav flex-column"><li class="nav-item"><a class="nav-link" href="/invest/first-time-investor-getting-started">Investing in Securities Market</a></li><li class="nav-item"><a class="nav-link" href="/invest/first-time-investor-products">Product Segment</a></li><li class="nav-item"><a class="nav-link" href="/invest/first-time-investor-stamp-duty-charges-taxes">Charges and Taxes</a></li><li class="nav-item"><a class="nav-link" href="/invest/first-time-investor-foreign-investment-limits">Investment limits for FIIs</a></li></ul></div><div class="col-md-4 dropdown-column"><h3 class="title_text">Investor Awareness</h3><ul class="nav flex-column"><li class="nav-item"><a class="nav-link" href="/invest/investor-charter">Investor Charter</a></li><li class="nav-item"><a class="nav-link" href="/invest/be-a-smart-investor">Protection from Fraud</a></li><li class="nav-item"><a class="nav-link" href="/invest/investors-awareness-programs">Investor Awareness Programs</a></li><li class="nav-item"><a class="nav-link" href="/invest/investors-regulatory-actions">Regulatory Action</a></li><li class="nav-item"><a class="nav-link" href="/registered-investors">Registered Investors</a></li><li class="nav-item"><a class="nav-link" href="/invest/foreign_portfolio_investors">Foreign Portfolio Investors (FPI)</a></li></ul></div><div class="col-md-4 dropdown-column"><h3 class="title_text">Resources &amp; Tools</h3><ul class="nav flex-column"><li class="nav-item"><a class="nav-link" href="/invest/find-a-stock-broker">Locate your Stock Broker</a></li><li class="nav-item"><a class="nav-link" href="/invest/company-listing-directory-resources-for-investors">Company Directory</a></li><li class="nav-item"><a class="nav-link" href="/invest/exit-option-for-share-holders">Exit Option for shareholders</a></li><li class="nav-item"><a class="nav-link" href="/feedback/new">Feedback</a></li></ul></div></div></div><div class="btm_row_ddmenu"><div class="container"><div class="row"><div class="col-md-4 menuFootNote"><div class="content"><a href="https://www.nseindia.com/invest/investors-home"><figure><img src="https://nsearchives.nseindia.com/web/sites/default/files/2019-07/investor-home.png" alt="Investor&#x27;s Home" width="100" height="80"/></figure><h4 class="subtitle_text">Investor&#x27;s Home</h4><p>Investor education on how to invest safely and protect your investments. </p></a></div></div><div class="col-md-4 menuFootNote"><div class="content"><a href="https://www.nseindia.com/invest/first-time-investor-products"><figure><img src="https://nsearchives.nseindia.com/web/sites/default/files/2019-07/product-home.png" alt="Product Information" width="100" height="80"/></figure><h4 class="subtitle_text">Product Information</h4><p>Browse NSE products under Cash, derivatives, currency derivatives etc.</p></a></div></div><div class="col-md-4 menuFootNote"><div class="content"><a href="https://smartodr.in/login"><figure><img src="https://nsearchives.nseindia.com/web/sites/default/files/2024-02/Artboard1.jpg" alt="LOGIN TO SMARTODR" width="100" height="80"/></figure><h4 class="subtitle_text">LOGIN TO SMARTODR</h4><p>Online Dispute Resolution Mechanism for filing complaints</p></a></div></div></div></div></div></div></li><li class="nav-item dropdown "><a role="button" class="nav-link dd-link" href="#" id="link_4">List</a><div class="dropdown-menu " aria-labelledby="link_4"><div class="container-fluid container-lg container-xl container-xxl"><div class="row mrow" id="aboutDropdownContent"><div class="col-md-4 dropdown-column"><h3 class="title_text">Raising Capital</h3><ul class="nav flex-column"><li class="nav-item"><a class="nav-link" href="/companies-listing/raising-capital-onboarding-process">On-boarding Process</a></li><li class="nav-item"><a class="nav-link" href="/companies-listing/raising-capital-public-issues-eligibility-equity-debt">Primary Market - Main Board</a></li><li class="nav-item"><a class="nav-link" href="/companies-listing/raising-capital-public-issues-listing-on-emerge">Primary Market - SME</a></li><li class="nav-item"><a class="nav-link" href="/companies-listing/raising-capital-debt-private-placement">Debt - Private Placement</a></li><li class="nav-item"><a class="nav-link" href="/sse">Social Stock Exchange</a></li><li class="nav-item"><a class="nav-link" href="/companies-listing/raising-capital-mutual-funds-etfs-process">Mutual Fund/ETFs/AIFs</a></li><li class="nav-item"><a class="nav-link" href="/companies-listing/raising-capital-further-issues-main-sme-checklist">Further Issues</a></li><li class="nav-item"><a class="nav-link" href="/companies-listing/public-issue-advertisements">Public Issue Advertisements</a></li></ul></div><div class="col-md-4 dropdown-column"><h3 class="title_text">Corporate Filings</h3><ul class="nav flex-column"><li class="nav-item"><a class="nav-link" href="/companies-listing/corporate-filings-announcements">Announcements</a></li><li class="nav-item"><a class="nav-link" href="/companies-listing/corporate-filings-board-meetings">Board Meetings</a></li><li class="nav-item"><a class="nav-link" href="/companies-listing/corporate-filings-actions">Corporate Actions</a></li><li class="nav-item"><a class="nav-link" href="/companies-listing/corporate-filings-financial-results">Financial Results</a></li><li class="nav-item"><a class="nav-link" href="/companies-listing/corporate-filings-shareholding-pattern">Shareholding Pattern</a></li><li class="nav-item"><a class="nav-link" href="/companies-listing/corporate-filings-shareholding-pattern-sdd">Shareholding Pattern SDD</a></li><li class="nav-item"><a class="nav-link" href="/companies-listing/corporate-filings-offer-documents">Issuer Offer documents/Issue Summary Document</a></li><li class="nav-item"><a class="nav-link" href="/companies-listing/corporate-integrated-filing">Integrated Filing</a></li><li class="nav-item"><a class="nav-link" href="/companies-listing/corporate-filings-scheme-document">Scheme of Arrangement</a></li></ul></div><div class="col-md-4 dropdown-column"><h3 class="title_text">Resources for Listed Companies</h3><ul class="nav flex-column"><li class="nav-item"><a class="nav-link" href="/companies-listing/sebi-regulations">SEBI Regulations</a></li><li class="nav-item"><a class="nav-link" href="/companies-listing/compliance-information-compliance-calendar-main-board">Compliance Information</a></li><li class="nav-item"><a class="nav-link" href="/companies-listing/xbrl-information">XBRL Information</a></li><li class="nav-item"><a class="nav-link" href="http://ec2-3-221-41-38.compute-1.amazonaws.com">XBRL To Excel Converter</a></li><li class="nav-item"><a class="nav-link" href="/companies-listing/corporate-filings-directory">Company Directory</a></li><li class="nav-item"><a class="nav-link" href="/companies-listing/circular-for-listed-companies-equity-market">Circulars to Listed Companies</a></li><li class="nav-item"><a class="nav-link" href="https://neaps.nseindia.com/NEWLISTINGCORP/">NEAPS Portal</a></li></ul></div></div></div><div class="btm_row_ddmenu"><div class="container"><div class="row"><div class="col-md-4 menuFootNote"><div class="content"><a href="https://www.nseindia.com/companies-listing/corporate-filings-application"><figure><img src="https://nsearchives.nseindia.com/web/sites/default/files/2019-07/corporate-home.png" alt="Corporates Home" width="100" height="80"/></figure><h4 class="subtitle_text">Corporates Home</h4><p>Important information, reference material and latest announcements for corporates</p></a></div></div><div class="col-md-4 menuFootNote"><div class="content"><a href="https://www.nseindia.com/regulations/listing-compliance"><figure><img src="https://nsearchives.nseindia.com/web/sites/default/files/2019-07/company-compliance-info.png" alt="Company Compliance Information" width="100" height="80"/></figure><h4 class="subtitle_text">Company Compliance Information</h4><p>Status of compliance&#x27;s under various Regulatory requirements</p></a></div></div><div class="col-md-4 menuFootNote"><div class="content"><a href="https://iinvest.cogencis.com"><figure><img src="https://nsearchives.nseindia.com/web/sites/default/files/2024-01/Banner%201%20-%20100X%2080.png" alt="Cogencis iInvest" width="100" height="80"/></figure><h4 class="subtitle_text">Cogencis iInvest</h4><p>Tool for informed investment decisions</p></a></div></div></div></div></div></div></li><li class="nav-item dropdown "><a role="button" class="nav-link dd-link" href="#" id="link_5">Trade</a><div class="dropdown-menu " aria-labelledby="link_5"><div class="container-fluid container-lg container-xl container-xxl"><div class="row mrow" id="aboutDropdownContent"><div class="col-md-4 dropdown-column"><h3 class="title_text">Become a Member</h3><ul class="nav flex-column"><li class="nav-item"><a class="nav-link" href="/trade/admission-process-documents-to-become-a-member">Process &amp; FAQs</a></li><li class="nav-item"><a class="nav-link" href="/trade/membership-types">Eligibility Criteria &amp; Categories</a></li><li class="nav-item"><a class="nav-link" href="/trade/deposits-networth-requirements-for-membership">Fees, Deposits &amp; Networth</a></li><li class="nav-item"><a class="nav-link" href="/trade/membership-using-enit">Using ENIT</a></li></ul></div><div class="col-md-4 dropdown-column"><h3 class="title_text">Resources for Members</h3><ul class="nav flex-column"><li class="nav-item"><a class="nav-link" href="/trade/members-change-in-name">Change In Membership</a></li><li class="nav-item"><a class="nav-link" href="/trade/members-compliance">Member Compliance</a></li><li class="nav-item"><a class="nav-link" href="/trade/membership-suspension-expulsion">Disciplinary Action</a></li><li class="nav-item"><a class="nav-link" href="/trade/membership-formats">Format</a></li></ul></div><div class="col-md-4 dropdown-column"><h3 class="title_text">Platforms &amp; Services</h3><ul class="nav flex-column"><li class="nav-item"><a class="nav-link" href="/trade/platform-services-neat-trading-system">NSE Trading Technology</a></li><li class="nav-item"><a class="nav-link" href="/trade/platform-services-non-neat-front-end">NEAT &amp; Non-NEAT Front end</a></li><li class="nav-item"><a class="nav-link" href="/trade/platform-services-test-and-simulated-market-facility">Test Market Facility</a></li><li class="nav-item"><a class="nav-link" href="/trade/platform-services-connectivity">Connectivity &amp; User Id</a></li></ul></div></div></div><div class="btm_row_ddmenu"><div class="container"><div class="row"><div class="col-md-4 menuFootNote"><div class="content"><a href="https://www.nseindia.com/trade/members-homepage"><figure><img src="https://nsearchives.nseindia.com/web/sites/default/files/2019-07/members-home.png" alt="Member&#x27;s Home" width="100" height="80"/></figure><h4 class="subtitle_text">Member&#x27;s Home</h4><p>Important Information, reference materials and latest announcements for members.</p></a></div></div><div class="col-md-4 menuFootNote"><div class="content"><a href="https://ims.connect2nsccl.com/MemberPortal/"><figure><img src="https://nsearchives.nseindia.com/web/sites/default/files/2019-07/members-portal.png" alt="Member Portal" width="100" height="80"/></figure><h4 class="subtitle_text">Member Portal</h4><p>ENIT - A Portal for Trading Members of NSE to manage their Membership and Compliance requirements.</p></a></div></div><div class="col-md-4 menuFootNote"><div class="content"><a href="https://www.nseindia.com/resources/exchange-communication-circulars"><figure><img src="https://nsearchives.nseindia.com/web/sites/default/files/2019-07/exchange-comunication.png" alt="Exchange Communication" width="100" height="80"/></figure><h4 class="subtitle_text">Exchange Communication</h4><p>Browse Exchange circulars, press release and media articles.</p></a></div></div></div></div></div></div></li><li class="nav-item dropdown "><a role="button" class="nav-link dd-link" href="#" id="link_6">Regulation</a><div class="dropdown-menu " aria-labelledby="link_6"><div class="container-fluid container-lg container-xl container-xxl"><div class="row mrow" id="aboutDropdownContent"><div class="col-md-4 dropdown-column"><h3 class="title_text">Exchange</h3><ul class="nav flex-column"><li class="nav-item"><a class="nav-link" href="/regulations/exchange-market-regulations-rules-byelaws-nseil">Market Rules &amp; Regulations</a></li><li class="nav-item"><a class="nav-link" href="/regulations/exchange-market-surveillance-actions">Market Surveillance</a></li><li class="nav-item"><a class="nav-link" href="/regulations/exchange-disclosures-nsccl-iosco-core-sgf-default-waterfall">Exchange Disclosures</a></li><li class="nav-item"><a class="nav-link" href="/regulations/exchange-defaulting-clients">Defaulting Clients</a></li><li class="nav-item"><a class="nav-link" href="/regulations/unsolicited-messages-report">Investor&#x27;s Beware</a></li><li class="nav-item"><a class="nav-link" href="/submit-tipoff">Submit a Tip-Off</a></li></ul></div><div class="col-md-4 dropdown-column"><h3 class="title_text">Member</h3><ul class="nav flex-column"><li class="nav-item"><a class="nav-link" href="/trade/members-compliance">Member Compliance</a></li><li class="nav-item"><a class="nav-link" href="/invest/complaint-arbitration-status">Complaint against Members</a></li><li class="nav-item"><a class="nav-link" href="/regulations/exchange-market-surveillance-regulatory-actions">Action against Members</a></li><li class="nav-item"><a class="nav-link" href="/regulations/member-sebi-debarred-entities">Debarred Entities</a></li><li class="nav-item"><a class="nav-link" href="/regulations/member-circulars-for-members">Circulars for Members</a></li><li class="nav-item"><a class="nav-link" href="/regulations/public-notice">Public Notice</a></li></ul></div><div class="col-md-4 dropdown-column"><h3 class="title_text">Corporates</h3><ul class="nav flex-column"><li class="nav-item"><a class="nav-link" href="/regulations/listing-compliance">Company Compliance</a></li><li class="nav-item"><a class="nav-link" href="/regulations/clarification-verification-to-market-rumour">Rumour Verification</a></li><li class="nav-item"><a class="nav-link" href="/regulations/list-of-companies-proposed-to-be-delisted">Delisting of Companies</a></li><li class="nav-item"><a class="nav-link" href="/regulations/queries-raised-to-listed-companies">Queries raised to Listed Companies</a></li><li class="nav-item"><a class="nav-link" href="/regulations/listing-compliance/non-compliant-companies-list">List of Non-Compliant Companies</a></li><li class="nav-item"><a class="nav-link" href="/regulations/public-notice-compulsory-delisting">Public Notice</a></li></ul></div></div></div></div></li><li class="nav-item dropdown "><a role="button" class="nav-link dd-link" href="#" id="link_7">Learn</a><div class="dropdown-menu " aria-labelledby="link_7"><div class="container-fluid container-lg container-xl container-xxl"><div class="row mrow" id="aboutDropdownContent"><div class="col-md-4 dropdown-column"><h3 class="title_text">Getting Started</h3><ul class="nav flex-column"><li class="nav-item"><a class="nav-link" href="/learn/overview-about-nse-academy">About NSE Academy</a></li><li class="nav-item"><a class="nav-link" href="/learn/process-to-register-ncfm-nse-certification-in-financial-markets">Get started for NCFM</a></li><li class="nav-item"><a class="nav-link" href="/learn/self-study-ncfm-modules-all">NCFM Certification Modules</a></li><li class="nav-item"><a class="nav-link" href="/learn/ncfm-prepare-for-a-test">How to take a Test</a></li><li class="nav-item"><a class="nav-link" href="/learn/visit-nse-program">Visit To NSE</a></li></ul></div><div class="col-md-4 dropdown-column"><h3 class="title_text">Courses/Programs</h3><ul class="nav flex-column"><li class="nav-item"><a class="nav-link" href="/learn/interactive-courses">Online Interactive Courses</a></li><li class="nav-item"><a class="nav-link" href="/learn/recorded-courses">Online / Self-Paced Courses</a></li><li class="nav-item"><a class="nav-link" href="/learn/class-room-courses">Class Room Courses</a></li><li class="nav-item"><a class="nav-link" href="/learn/enterprise-training">Enterprise Training</a></li><li class="nav-item"><a class="nav-link" href="/learn/nse-international-certificate-program">International Certificate Program</a></li></ul></div><div class="col-md-4 dropdown-column"><h3 class="title_text">Student Requirement</h3><ul class="nav flex-column"><li class="nav-item"><a class="nav-link" href="/learn/courses-for-under-graduates">Modules for Under graduates</a></li><li class="nav-item"><a class="nav-link" href="/learn/courses-for-dealers">Post Graduate Programs</a></li><li class="nav-item"><a class="nav-link" href="/learn/courses-for-working-professionals">Modules for Professionals</a></li><li class="nav-item"><a class="nav-link" href="/learn/certification-modules/getting-started">Certification Modules</a></li><li class="nav-item"><a class="nav-link" href="/learn/academic-calendar">Program Calendar</a></li></ul></div></div></div><div class="btm_row_ddmenu"><div class="container"><div class="row"><div class="col-md-4 menuFootNote"><div class="content"><a href="https://www.nseindia.com/learn/find-a-course"><figure><img src="https://nsearchives.nseindia.com/web/sites/default/files/2020-10/find-a-course_0.png" alt="Find a course" width="100" height="80"/></figure><h4 class="subtitle_text">Find a course</h4><p>Click here to find a course</p></a></div></div><div class="col-md-4 menuFootNote"><div class="content"><a href="https://www.nseindia.com/learn/nse-knowledge-hub"><figure><img src="https://nsearchives.nseindia.com/web/sites/default/files/2020-08/NSEKH%20theme.jpg" alt="NSE Knowledge Hub" width="100" height="80"/></figure><h4 class="subtitle_text">NSE Knowledge Hub</h4><p>Click here to join the platform</p></a></div></div><div class="col-md-4 menuFootNote"><div class="content"><a href="https://www.ncfm-india.com/ORE/OREloginPage.jsp"><figure><img src="https://nsearchives.nseindia.com/web/sites/default/files/2019-07/NCFM.png" alt="NCFM Login" width="100" height="80"/></figure><h4 class="subtitle_text">NCFM Login</h4><p>NCFM Portal for online testing and certification programmes offered by NSE Academy.</p></a></div></div></div></div></div></div></li><li class="nav-item dropdown "><a role="button" class="nav-link dd-link" href="#" id="link_8">Resources</a><div class="dropdown-menu " aria-labelledby="link_8"><div class="container-fluid container-lg container-xl container-xxl"><div class="row mrow" id="aboutDropdownContent"><div class="col-md-4 dropdown-column"><h3 class="title_text">Exchange Communication</h3><ul class="nav flex-column"><li class="nav-item"><a class="nav-link" href="/resources/exchange-communication-circulars">Circulars</a></li><li class="nav-item"><a class="nav-link" href="/resources/exchange-communication-press-releases">Press Releases</a></li><li class="nav-item"><a class="nav-link" href="/resources/exchange-communication-holidays">Holidays</a></li><li class="nav-item"><a class="nav-link" href="/resources/exchange-communication-contingency-drill-calendar">Contingency Drill</a></li><li class="nav-item"><a class="nav-link" href="/resources/exchange-communication-media-queries">Media Center</a></li></ul></div><div class="col-md-4 dropdown-column"><h3 class="title_text">Downloads</h3><ul class="nav flex-column"><li class="nav-item"><a class="nav-link" href="/all-reports">Daily Market Reports</a></li><li class="nav-item"><a class="nav-link" href="/resources/historical-reports-capital-market-daily-monthly-archives">Historical Reports</a></li><li class="nav-item"><a class="nav-link" href="/resources/forms-formats-members">Forms &amp; Formats</a></li><li class="nav-item"><a class="nav-link" href="/national-stock-exchange/nse-volume-business-growth">Business Growth &amp; Volume</a></li><li class="nav-item"><a class="nav-link" href="/resources/faqs">FAQs</a></li></ul></div><div class="col-md-4 dropdown-column"><h3 class="title_text">Historical Reports</h3><ul class="nav flex-column"><li class="nav-item"><a class="nav-link" href="/report-detail/eq_security">Security-wise Price Volume Archives</a></li><li class="nav-item"><a class="nav-link" href="/report-detail/fo_eq_security">Contract-wise Price Volume Archives</a></li><li class="nav-item"><a class="nav-link" href="/historical-spot-price">Historical Spot Rate</a></li><li class="nav-item"><a class="nav-link" href="/reports-indices-historical-index-data">Historical Index Data</a></li><li class="nav-item"><a class="nav-link" href="/reports-indices-historical-vix">Historical Data - India Vix</a></li></ul></div></div></div><div class="btm_row_ddmenu"><div class="container"><div class="row"><div class="col-md-4 menuFootNote"><div class="content"><a href="https://www.nseindia.com/resources/exchange-communication-circulars"><figure><img src="https://nsearchives.nseindia.com/web/sites/default/files/2021-05/Exchange_communication-100x80.png" alt="Exchange Communication" width="100" height="80"/></figure><h4 class="subtitle_text">Exchange Communication</h4><p>Find all communication issued by the Exchange in this section</p></a></div></div><div class="col-md-4 menuFootNote"><div class="content"><a href="https://www.nseindia.com/all-reports"><figure><img src="https://nsearchives.nseindia.com/web/sites/default/files/2021-05/Daily_reports-100x80.png" alt="Downloads" width="100" height="80"/></figure><h4 class="subtitle_text">Downloads</h4><p>Daily and Archive Reports, Formats and Business Growth download it here</p></a></div></div><div class="col-md-4 menuFootNote"><div class="content"><a href="https://www.nseindia.com/market-data/real-time-data-subscription"><figure><img src="https://nsearchives.nseindia.com/web/sites/default/files/2024-12/Market-Data-Products-100-X-80px.jpg" alt="Market Data Products" width="100" height="80"/></figure><h4 class="subtitle_text">Market Data Products</h4><p>NSE&#x27;s market data products such real time, delayed, snapshot, historical data etc.</p></a></div></div></div></div></div></div></li><li class="nav-item dropdown "><a role="button" class="nav-link dd-link" href="#" id="link_9">Complaints</a><div class="dropdown-menu " aria-labelledby="link_9"><div class="container-fluid container-lg container-xl container-xxl"><div class="row mrow" id="aboutDropdownContent"><div class="col-md-4 dropdown-column"><h3 class="title_text">Introduction</h3><ul class="nav flex-column"><li class="nav-item"><a class="nav-link" href="/complaints/complaint-at-exchange">Brief Overview</a></li><li class="nav-item"><a class="nav-link" href="/complaints/process-of-making-a-complaint">Process</a></li><li class="nav-item"><a class="nav-link" href="/complaints/online-dispute-resolution">Online Dispute Resolution</a></li><li class="nav-item"><a class="nav-link" href="/complaints/arbitration-panel">Arbitration Panel</a></li><li class="nav-item"><a class="nav-link" href="/complaints/defaulters-committee">Members Committee (formerly Member and Core Settlement Guarantee Fund Committee)</a></li></ul></div><div class="col-md-4 dropdown-column"><h3 class="title_text">Complaint filing</h3><ul class="nav flex-column"><li class="nav-item"><a class="nav-link" href="/complaints/file-a-complaint-online">How to Lodge a complaint online and Track your complaint</a></li><li class="nav-item"><a class="nav-link" href="/complaints/about-arbitration">Filing Arbitration/Appellate</a></li><li class="nav-item"><a class="nav-link" href="/complaints/about-defaulter-section">Defaulter Committee Claim</a></li><li class="nav-item"><a class="nav-link" href="/complaints/details-to-be-provided-for-lodging-claims">Details to be provided for lodging claims</a></li><li class="nav-item"><a class="nav-link" href="/complaints/submit-tipoff">Anonymous Portal - Suspicious activity</a></li></ul></div><div class="col-md-4 dropdown-column"><h3 class="title_text">Information</h3><ul class="nav flex-column"><li class="nav-item"><a class="nav-link" href="/complaints/defaulter-expelled-members">Defaulter/Expelled Members</a></li><li class="nav-item"><a class="nav-link" href="/complaints/arbitration-hearing">Arbitration/Appellate Hearing</a></li><li class="nav-item"><a class="nav-link" href="/complaints/arbitration-awards">Arbitration/Appellate Awards</a></li><li class="nav-item"><a class="nav-link" href="/complaints/investor-protection-fund-trust">Investor Protection Trust Fund</a></li><li class="nav-item"><a class="nav-link" href="/complaints/complaints-public-notice">Public Notice</a></li></ul></div></div></div><div class="btm_row_ddmenu"><div class="container"><div class="row"><div class="col-md-4 menuFootNote"><div class="content"><a href="https://smartodr.in/login"><figure><img src="https://nsearchives.nseindia.com/web/sites/default/files/2023-09/Artboard1.jpg" alt="LOGIN TO SMARTODR " width="100" height="80"/></figure><h4 class="subtitle_text">LOGIN TO SMARTODR </h4><p>Online Dispute Resolution Mechanism for filing complaints </p></a></div></div><div class="col-md-4 menuFootNote"><div class="content"><a href="https://www.nseindia.com/complaints/arbitration-status"><figure><img src="https://nsearchives.nseindia.com/web/sites/default/files/2023-07/2.jpg" alt="Reports" width="100" height="80"/></figure><h4 class="subtitle_text">Reports</h4><p>Periodic reports pertaining to complaints/arbitration</p></a></div></div><div class="col-md-4 menuFootNote"><div class="content"><a href="https://www.nseindia.com/contact/investor-services-centre"><figure><img src="https://nsearchives.nseindia.com/web/sites/default/files/2023-07/3.jpg" alt="Investor Services Centre" width="100" height="80"/></figure><h4 class="subtitle_text">Investor Services Centre</h4><p>Contact details of all Investor Services Centre</p></a></div></div></div></div></div></div></li><li class="nav-item dropdown "><a role="button" class="nav-link dd-link" href="#" id="link_10">RESEARCH</a><div class="dropdown-menu " aria-labelledby="link_10"><div class="container-fluid container-lg container-xl container-xxl"><div class="row mrow" id="aboutDropdownContent"><div class="col-md-4 dropdown-column"><h3 class="title_text">Publications</h3><ul class="nav flex-column"><li class="nav-item"><a class="nav-link" href="/research/publications-reports-nse-market-pulse">Market Pulse</a></li><li class="nav-item"><a class="nav-link" href="/research/publications-reports-nse-market-insights">Macro &amp; Market Insights</a></li><li class="nav-item"><a class="nav-link" href="/research/publications-reports-corporate-governance-reports">Corporate Governance</a></li><li class="nav-item"><a class="nav-link" href="/research/publications-reports-nse-market-insights">Factbook &amp; ISMR</a></li></ul></div><div class="col-md-4 dropdown-column"><h3 class="title_text">Initiatives</h3><ul class="nav flex-column"><li class="nav-item"><a class="nav-link" href="/research/research-initiatives">NSE RI</a></li><li class="nav-item"><a class="nav-link" href="/research/research-initiatives">Ongoing</a></li><li class="nav-item"><a class="nav-link" href="/research/working-papers">Working Paper Series</a></li><li class="nav-item"><a class="nav-link" href="/research/past-initiatives">Past Initiatives</a></li></ul></div><div class="col-md-4 dropdown-column"><h3 class="title_text">Engagements</h3><ul class="nav flex-column"><li class="nav-item"><a class="nav-link" href="/research/events-upcoming-programs">Upcoming Programs</a></li><li class="nav-item"><a class="nav-link" href="/research/events-seminars-panel-dicussions">Seminars &amp; Panel Discussions</a></li><li class="nav-item"><a class="nav-link" href="/research/events-conferences">Conferences</a></li><li class="nav-item"><a class="nav-link" href="/research/events-lecture-series">Lecture Series</a></li></ul></div></div></div><div class="btm_row_ddmenu"><div class="container"><div class="row"><div class="col-md-4 menuFootNote"><div class="content"><a href="https://www.nseindia.com/research/research-overview"><figure><img src="https://nsearchives.nseindia.com/web/sites/default/files/2023-08/Publications.png" alt="Overview" width="100" height="80"/></figure><h4 class="subtitle_text">Overview</h4><p>Macro and financial market research, thought-provoking discussions, policy advocacy and more..</p></a></div></div><div class="col-md-4 menuFootNote"><div class="content"><a href="https://www.nseindia.com/research/research-initiatives"><figure><img src="https://nsearchives.nseindia.com/web/sites/default/files/2023-08/Initiavtives.png" alt="Initiatives" width="100" height="80"/></figure><h4 class="subtitle_text">Initiatives</h4><p>Plans and actions to promote and advance research in financial markets</p></a></div></div><div class="col-md-4 menuFootNote"><div class="content"><a href="https://www.nseindia.com/research/events-seminars-panel-dicussions"><figure><img src="https://nsearchives.nseindia.com/web/sites/default/files/2023-08/Engagement.png" alt="Engagements" width="100" height="80"/></figure><h4 class="subtitle_text">Engagements</h4><p>Bringing together academia, industry and other stakeholders
</p></a></div></div></div></div></div></div></li></ul></div></nav></div></div></div></header><div id="midBody" class="mid-body-indi"><div class="marquee marquee_section"><div class="marquee-content"><a class="marquee-tag border-left-green d-flex flex-row" href="/get-quotes/equity?symbol=ADANIENT"><div class="marquee_left_text float-start">ADANIENT</div><div class="marquee_center_text ps-3 float-start">2,449.60</div><div class="marquee_right_text ps-3 float-end green_text">29.00<!-- --> <span>(<!-- -->1.20<!-- -->%)</span></div></a><a class="marquee-tag border-left-green d-flex flex-row" href="/get-quotes/equity?symbol=ADANIPORTS"><div class="marquee_left_text float-start">ADANIPORTS</div><div class="marquee_center_text ps-3 float-start">1,353.90</div><div class="marquee_right_text ps-3 float-end green_text">15.90<!-- --> <span>(<!-- -->1.19<!-- -->%)</span></div></a><a class="marquee-tag border-left-green d-flex flex-row" href="/get-quotes/equity?symbol=APOLLOHOSP"><div class="marquee_left_text float-start">APOLLOHOSP</div><div class="marquee_center_text ps-3 float-start">7,055.00</div><div class="marquee_right_text ps-3 float-end green_text">45.50<!-- --> <span>(<!-- -->0.65<!-- -->%)</span></div></a><a class="marquee-tag border-left-green d-flex flex-row" href="/get-quotes/equity?symbol=ASIANPAINT"><div class="marquee_left_text float-start">ASIANPAINT</div><div class="marquee_center_text ps-3 float-start">2,279.50</div><div class="marquee_right_text ps-3 float-end green_text">11.50<!-- --> <span>(<!-- -->0.51<!-- -->%)</span></div></a><a class="marquee-tag border-left-red d-flex flex-row" href="/get-quotes/equity?symbol=AXISBANK"><div class="marquee_left_text float-start">AXISBANK</div><div class="marquee_center_text ps-3 float-start">1,216.10</div><div class="marquee_right_text ps-3 float-end red_text">-1.40<!-- --> <span>(<!-- -->-0.11<!-- -->%)</span></div></a><a class="marquee-tag border-left-green d-flex flex-row" href="/get-quotes/equity?symbol=BAJAJ-AUTO"><div class="marquee_left_text float-start">BAJAJ-AUTO</div><div class="marquee_center_text ps-3 float-start">8,345.00</div><div class="marquee_right_text ps-3 float-end green_text">59.00<!-- --> <span>(<!-- -->0.71<!-- -->%)</span></div></a><a class="marquee-tag border-left-green d-flex flex-row" href="/get-quotes/equity?symbol=BAJAJFINSV"><div class="marquee_left_text float-start">BAJAJFINSV</div><div class="marquee_center_text ps-3 float-start">1,976.80</div><div class="marquee_right_text ps-3 float-end green_text">9.20<!-- --> <span>(<!-- -->0.47<!-- -->%)</span></div></a><a class="marquee-tag border-left-green d-flex flex-row" href="/get-quotes/equity?symbol=BAJFINANCE"><div class="marquee_left_text float-start">BAJFINANCE</div><div class="marquee_center_text ps-3 float-start">902.00</div><div class="marquee_right_text ps-3 float-end green_text">1.50<!-- --> <span>(<!-- -->0.17<!-- -->%)</span></div></a><a class="marquee-tag border-left-green d-flex flex-row" href="/get-quotes/equity?symbol=BEL"><div class="marquee_left_text float-start">BEL</div><div class="marquee_center_text ps-3 float-start">407.05</div><div class="marquee_right_text ps-3 float-end green_text">8.50<!-- --> <span>(<!-- -->2.13<!-- -->%)</span></div></a><a class="marquee-tag border-left-green d-flex flex-row" href="/get-quotes/equity?symbol=BHARTIARTL"><div class="marquee_left_text float-start">BHARTIARTL</div><div class="marquee_center_text ps-3 float-start">1,934.00</div><div class="marquee_right_text ps-3 float-end green_text">57.00<!-- --> <span>(<!-- -->3.04<!-- -->%)</span></div></a><a class="marquee-tag border-left-green d-flex flex-row" href="/get-quotes/equity?symbol=CIPLA"><div class="marquee_left_text float-start">CIPLA</div><div class="marquee_center_text ps-3 float-start">1,493.00</div><div class="marquee_right_text ps-3 float-end green_text">9.00<!-- --> <span>(<!-- -->0.61<!-- -->%)</span></div></a><a class="marquee-tag border-left-green d-flex flex-row" href="/get-quotes/equity?symbol=COALINDIA"><div class="marquee_left_text float-start">COALINDIA</div><div class="marquee_center_text ps-3 float-start">388.00</div><div class="marquee_right_text ps-3 float-end green_text">3.75<!-- --> <span>(<!-- -->0.98<!-- -->%)</span></div></a><a class="marquee-tag border-left-red d-flex flex-row" href="/get-quotes/equity?symbol=DRREDDY"><div class="marquee_left_text float-start">DRREDDY</div><div class="marquee_center_text ps-3 float-start">1,322.80</div><div class="marquee_right_text ps-3 float-end red_text">-3.30<!-- --> <span>(<!-- -->-0.25<!-- -->%)</span></div></a><a class="marquee-tag border-left-green d-flex flex-row" href="/get-quotes/equity?symbol=EICHERMOT"><div class="marquee_left_text float-start">EICHERMOT</div><div class="marquee_center_text ps-3 float-start">5,512.00</div><div class="marquee_right_text ps-3 float-end green_text">18.50<!-- --> <span>(<!-- -->0.34<!-- -->%)</span></div></a><a class="marquee-tag border-left-green d-flex flex-row" href="/get-quotes/equity?symbol=ETERNAL"><div class="marquee_left_text float-start">ETERNAL</div><div class="marquee_center_text ps-3 float-start">253.00</div><div class="marquee_right_text ps-3 float-end green_text">3.58<!-- --> <span>(<!-- -->1.44<!-- -->%)</span></div></a><a class="marquee-tag border-left-green d-flex flex-row" href="/get-quotes/equity?symbol=GRASIM"><div class="marquee_left_text float-start">GRASIM</div><div class="marquee_center_text ps-3 float-start">2,702.70</div><div class="marquee_right_text ps-3 float-end green_text">9.50<!-- --> <span>(<!-- -->0.35<!-- -->%)</span></div></a><a class="marquee-tag border-left-green d-flex flex-row" href="/get-quotes/equity?symbol=HCLTECH"><div class="marquee_left_text float-start">HCLTECH</div><div class="marquee_center_text ps-3 float-start">1,736.90</div><div class="marquee_right_text ps-3 float-end green_text">23.00<!-- --> <span>(<!-- -->1.34<!-- -->%)</span></div></a><a class="marquee-tag border-left-green d-flex flex-row" href="/get-quotes/equity?symbol=HDFCBANK"><div class="marquee_left_text float-start">HDFCBANK</div><div class="marquee_center_text ps-3 float-start">1,963.10</div><div class="marquee_right_text ps-3 float-end green_text">27.80<!-- --> <span>(<!-- -->1.44<!-- -->%)</span></div></a><a class="marquee-tag border-left-green d-flex flex-row" href="/get-quotes/equity?symbol=HDFCLIFE"><div class="marquee_left_text float-start">HDFCLIFE</div><div class="marquee_center_text ps-3 float-start">778.00</div><div class="marquee_right_text ps-3 float-end green_text">18.25<!-- --> <span>(<!-- -->2.40<!-- -->%)</span></div></a><a class="marquee-tag border-left-red d-flex flex-row" href="/get-quotes/equity?symbol=HEROMOTOCO"><div class="marquee_left_text float-start">HEROMOTOCO</div><div class="marquee_center_text ps-3 float-start">4,331.10</div><div class="marquee_right_text ps-3 float-end red_text">-53.20<!-- --> <span>(<!-- -->-1.21<!-- -->%)</span></div></a><a class="marquee-tag border-left-green d-flex flex-row" href="/get-quotes/equity?symbol=HINDALCO"><div class="marquee_left_text float-start">HINDALCO</div><div class="marquee_center_text ps-3 float-start">644.30</div><div class="marquee_right_text ps-3 float-end green_text">2.95<!-- --> <span>(<!-- -->0.46<!-- -->%)</span></div></a><a class="marquee-tag border-left-green d-flex flex-row" href="/get-quotes/equity?symbol=HINDUNILVR"><div class="marquee_left_text float-start">HINDUNILVR</div><div class="marquee_center_text ps-3 float-start">2,302.00</div><div class="marquee_right_text ps-3 float-end green_text">7.80<!-- --> <span>(<!-- -->0.34<!-- -->%)</span></div></a><a class="marquee-tag border-left-green d-flex flex-row" href="/get-quotes/equity?symbol=ICICIBANK"><div class="marquee_left_text float-start">ICICIBANK</div><div class="marquee_center_text ps-3 float-start">1,426.40</div><div class="marquee_right_text ps-3 float-end green_text">15.10<!-- --> <span>(<!-- -->1.07<!-- -->%)</span></div></a><a class="marquee-tag border-left-green d-flex flex-row" href="/get-quotes/equity?symbol=INDUSINDBK"><div class="marquee_left_text float-start">INDUSINDBK</div><div class="marquee_center_text ps-3 float-start">844.00</div><div class="marquee_right_text ps-3 float-end green_text">6.50<!-- --> <span>(<!-- -->0.78<!-- -->%)</span></div></a><a class="marquee-tag border-left-red d-flex flex-row" href="/get-quotes/equity?symbol=INFY"><div class="marquee_left_text float-start">INFY</div><div class="marquee_center_text ps-3 float-start">1,618.00</div><div class="marquee_right_text ps-3 float-end red_text">-0.40<!-- --> <span>(<!-- -->-0.02<!-- -->%)</span></div></a><a class="marquee-tag border-left-green d-flex flex-row" href="/get-quotes/equity?symbol=ITC"><div class="marquee_left_text float-start">ITC</div><div class="marquee_center_text ps-3 float-start">417.25</div><div class="marquee_right_text ps-3 float-end green_text">1.25<!-- --> <span>(<!-- -->0.30<!-- -->%)</span></div></a><a class="marquee-tag border-left-green d-flex flex-row" href="/get-quotes/equity?symbol=JIOFIN"><div class="marquee_left_text float-start">JIOFIN</div><div class="marquee_center_text ps-3 float-start">293.50</div><div class="marquee_right_text ps-3 float-end green_text">9.40<!-- --> <span>(<!-- -->3.31<!-- -->%)</span></div></a><a class="marquee-tag border-left-green d-flex flex-row" href="/get-quotes/equity?symbol=JSWSTEEL"><div class="marquee_left_text float-start">JSWSTEEL</div><div class="marquee_center_text ps-3 float-start">1,007.55</div><div class="marquee_right_text ps-3 float-end green_text">11.50<!-- --> <span>(<!-- -->1.15<!-- -->%)</span></div></a><a class="marquee-tag border-left-green d-flex flex-row" href="/get-quotes/equity?symbol=KOTAKBANK"><div class="marquee_left_text float-start">KOTAKBANK</div><div class="marquee_center_text ps-3 float-start">2,170.90</div><div class="marquee_right_text ps-3 float-end green_text">24.50<!-- --> <span>(<!-- -->1.14<!-- -->%)</span></div></a><a class="marquee-tag border-left-green d-flex flex-row" href="/get-quotes/equity?symbol=LT"><div class="marquee_left_text float-start">LT</div><div class="marquee_center_text ps-3 float-start">3,658.00</div><div class="marquee_right_text ps-3 float-end green_text">36.90<!-- --> <span>(<!-- -->1.02<!-- -->%)</span></div></a><a class="marquee-tag border-left-green d-flex flex-row" href="/get-quotes/equity?symbol=M%26M"><div class="marquee_left_text float-start">M&amp;M</div><div class="marquee_center_text ps-3 float-start">3,189.90</div><div class="marquee_right_text ps-3 float-end green_text">95.10<!-- --> <span>(<!-- -->3.07<!-- -->%)</span></div></a><a class="marquee-tag border-left-red d-flex flex-row" href="/get-quotes/equity?symbol=MARUTI"><div class="marquee_left_text float-start">MARUTI</div><div class="marquee_center_text ps-3 float-start">12,787.00</div><div class="marquee_right_text ps-3 float-end red_text">-19.00<!-- --> <span>(<!-- -->-0.15<!-- -->%)</span></div></a><a class="marquee-tag border-left-green d-flex flex-row" href="/get-quotes/equity?symbol=NESTLEIND"><div class="marquee_left_text float-start">NESTLEIND</div><div class="marquee_center_text ps-3 float-start">2,383.10</div><div class="marquee_right_text ps-3 float-end green_text">64.20<!-- --> <span>(<!-- -->2.77<!-- -->%)</span></div></a><a class="marquee-tag border-left-green d-flex flex-row" href="/get-quotes/equity?symbol=NTPC"><div class="marquee_left_text float-start">NTPC</div><div class="marquee_center_text ps-3 float-start">334.20</div><div class="marquee_right_text ps-3 float-end green_text">4.15<!-- --> <span>(<!-- -->1.26<!-- -->%)</span></div></a><a class="marquee-tag border-left-red d-flex flex-row" href="/get-quotes/equity?symbol=ONGC"><div class="marquee_left_text float-start">ONGC</div><div class="marquee_center_text ps-3 float-start">251.20</div><div class="marquee_right_text ps-3 float-end red_text">-0.36<!-- --> <span>(<!-- -->-0.14<!-- -->%)</span></div></a><a class="marquee-tag border-left-green d-flex flex-row" href="/get-quotes/equity?symbol=POWERGRID"><div class="marquee_left_text float-start">POWERGRID</div><div class="marquee_center_text ps-3 float-start">292.70</div><div class="marquee_right_text ps-3 float-end green_text">6.25<!-- --> <span>(<!-- -->2.18<!-- -->%)</span></div></a><a class="marquee-tag border-left-green d-flex flex-row" href="/get-quotes/equity?symbol=RELIANCE"><div class="marquee_left_text float-start">RELIANCE</div><div class="marquee_center_text ps-3 float-start">1,464.10</div><div class="marquee_right_text ps-3 float-end green_text">30.80<!-- --> <span>(<!-- -->2.15<!-- -->%)</span></div></a><a class="marquee-tag border-left-green d-flex flex-row" href="/get-quotes/equity?symbol=SBILIFE"><div class="marquee_left_text float-start">SBILIFE</div><div class="marquee_center_text ps-3 float-start">1,810.70</div><div class="marquee_right_text ps-3 float-end green_text">21.30<!-- --> <span>(<!-- -->1.19<!-- -->%)</span></div></a><a class="marquee-tag border-left-green d-flex flex-row" href="/get-quotes/equity?symbol=SBIN"><div class="marquee_left_text float-start">SBIN</div><div class="marquee_center_text ps-3 float-start">795.25</div><div class="marquee_right_text ps-3 float-end green_text">10.15<!-- --> <span>(<!-- -->1.29<!-- -->%)</span></div></a><a class="marquee-tag border-left-green d-flex flex-row" href="/get-quotes/equity?symbol=SHRIRAMFIN"><div class="marquee_left_text float-start">SHRIRAMFIN</div><div class="marquee_center_text ps-3 float-start">663.95</div><div class="marquee_right_text ps-3 float-end green_text">11.75<!-- --> <span>(<!-- -->1.80<!-- -->%)</span></div></a><a class="marquee-tag border-left-green d-flex flex-row" href="/get-quotes/equity?symbol=SUNPHARMA"><div class="marquee_left_text float-start">SUNPHARMA</div><div class="marquee_center_text ps-3 float-start">1,663.20</div><div class="marquee_right_text ps-3 float-end green_text">15.60<!-- --> <span>(<!-- -->0.95<!-- -->%)</span></div></a><a class="marquee-tag border-left-green d-flex flex-row" href="/get-quotes/equity?symbol=TATACONSUM"><div class="marquee_left_text float-start">TATACONSUM</div><div class="marquee_center_text ps-3 float-start">1,090.90</div><div class="marquee_right_text ps-3 float-end green_text">2.60<!-- --> <span>(<!-- -->0.24<!-- -->%)</span></div></a><a class="marquee-tag border-left-green d-flex flex-row" href="/get-quotes/equity?symbol=TATAMOTORS"><div class="marquee_left_text float-start">TATAMOTORS</div><div class="marquee_center_text ps-3 float-start">675.50</div><div class="marquee_right_text ps-3 float-end green_text">3.20<!-- --> <span>(<!-- -->0.48<!-- -->%)</span></div></a><a class="marquee-tag border-left-green d-flex flex-row" href="/get-quotes/equity?symbol=TATASTEEL"><div class="marquee_left_text float-start">TATASTEEL</div><div class="marquee_center_text ps-3 float-start">151.70</div><div class="marquee_right_text ps-3 float-end green_text">0.70<!-- --> <span>(<!-- -->0.46<!-- -->%)</span></div></a><a class="marquee-tag border-left-green d-flex flex-row" href="/get-quotes/equity?symbol=TCS"><div class="marquee_left_text float-start">TCS</div><div class="marquee_center_text ps-3 float-start">3,429.10</div><div class="marquee_right_text ps-3 float-end green_text">5.10<!-- --> <span>(<!-- -->0.15<!-- -->%)</span></div></a><a class="marquee-tag border-left-green d-flex flex-row" href="/get-quotes/equity?symbol=TECHM"><div class="marquee_left_text float-start">TECHM</div><div class="marquee_center_text ps-3 float-start">1,696.00</div><div class="marquee_right_text ps-3 float-end green_text">12.00<!-- --> <span>(<!-- -->0.71<!-- -->%)</span></div></a><a class="marquee-tag border-left-green d-flex flex-row" href="/get-quotes/equity?symbol=TITAN"><div class="marquee_left_text float-start">TITAN</div><div class="marquee_center_text ps-3 float-start">3,510.40</div><div class="marquee_right_text ps-3 float-end green_text">5.00<!-- --> <span>(<!-- -->0.14<!-- -->%)</span></div></a><a class="marquee-tag border-left-green d-flex flex-row" href="/get-quotes/equity?symbol=TRENT"><div class="marquee_left_text float-start">TRENT</div><div class="marquee_center_text ps-3 float-start">5,950.00</div><div class="marquee_right_text ps-3 float-end green_text">226.50<!-- --> <span>(<!-- -->3.96<!-- -->%)</span></div></a><a class="marquee-tag border-left-green d-flex flex-row" href="/get-quotes/equity?symbol=ULTRACEMCO"><div class="marquee_left_text float-start">ULTRACEMCO</div><div class="marquee_center_text ps-3 float-start">11,475.00</div><div class="marquee_right_text ps-3 float-end green_text">55.00<!-- --> <span>(<!-- -->0.48<!-- -->%)</span></div></a><a class="marquee-tag border-left-green d-flex flex-row" href="/get-quotes/equity?symbol=WIPRO"><div class="marquee_left_text float-start">WIPRO</div><div class="marquee_center_text ps-3 float-start">265.80</div><div class="marquee_right_text ps-3 float-end green_text">0.22<!-- --> <span>(<!-- -->0.08<!-- -->%)</span></div></a></div></div><div class="banner-section padding_top_bottom pt-0"><div class="container"><div class="row"><div class="col-xxl-6 col-xl-6 col-lg-6 col-md-12 col-sm-12 col-12"><div class="indices_section"><div class="row"><div class="col-xxl-12 col-xl-12 col-lg-12 col-sm-12 col-12"><div class="slider-menu" style="align-items:center;overflow:hidden"><div class="slick-slider slick-initialized" dir="ltr"><button type="button" data-role="none" class="slick-arrow slick-prev" style="display:block"> <!-- -->Previous</button><div class="slick-list"><div class="slick-track" style="width:0autoautoautoautoautoautoautoautoautoautoautoautoautoautoautoautoautoautoautoautoautoautoautoautoautoautoautoautoautoautoautoautoautoautoautoautoautoautoautopx;left:NaNpx"><div style="width:auto" data-index="-13" tabindex="-1" class="slick-slide slick-cloned" aria-hidden="true"><div><div class="tab-item active owl-carousel .owl-item" style="width:100%;display:inline-block" tabindex="-1"><div class="item indices_details text-start green_box active" style="padding:10px;margin-bottom:10px"><p class="symbol">NIFTY 50</p><h3 class="value">25,112.40</h3><p class="chng">319.15<!-- --> (<!-- -->1.29<!-- -->%)</p></div></div></div></div><div style="width:auto" data-index="-12" tabindex="-1" class="slick-slide slick-cloned" aria-hidden="true"><div><div class="tab-item  owl-carousel .owl-item" style="width:100%;display:inline-block" tabindex="-1"><div class="item indices_details text-start green_box " style="padding:10px;margin-bottom:10px"><p class="symbol">NIFTY NEXT 50</p><h3 class="value">66,733.05</h3><p class="chng">884.90<!-- --> (<!-- -->1.34<!-- -->%)</p></div></div></div></div><div style="width:auto" data-index="-11" tabindex="-1" class="slick-slide slick-cloned" aria-hidden="true"><div><div class="tab-item  owl-carousel .owl-item" style="width:100%;display:inline-block" tabindex="-1"><div class="item indices_details text-start green_box " style="padding:10px;margin-bottom:10px"><p class="symbol">NIFTY FIN SERVICE</p><h3 class="value">26,648.70</h3><p class="chng">349.05<!-- --> (<!-- -->1.33<!-- -->%)</p></div></div></div></div><div style="width:auto" data-index="-10" tabindex="-1" class="slick-slide slick-cloned" aria-hidden="true"><div><div class="tab-item  owl-carousel .owl-item" style="width:100%;display:inline-block" tabindex="-1"><div class="item indices_details text-start green_box " style="padding:10px;margin-bottom:10px"><p class="symbol">NIFTY BANK</p><h3 class="value">56,252.85</h3><p class="chng">675.40<!-- --> (<!-- -->1.22<!-- -->%)</p></div></div></div></div><div style="width:auto" data-index="-9" tabindex="-1" class="slick-slide slick-cloned" aria-hidden="true"><div><div class="tab-item  owl-carousel .owl-item" style="width:100%;display:inline-block" tabindex="-1"><div class="item indices_details text-start green_box " style="padding:10px;margin-bottom:10px"><p class="symbol">NIFTY 100</p><h3 class="value">25,648.80</h3><p class="chng">328.35<!-- --> (<!-- -->1.30<!-- -->%)</p></div></div></div></div><div style="width:auto" data-index="-8" tabindex="-1" class="slick-slide slick-cloned" aria-hidden="true"><div><div class="tab-item  owl-carousel .owl-item" style="width:100%;display:inline-block" tabindex="-1"><div class="item indices_details text-start green_box " style="padding:10px;margin-bottom:10px"><p class="symbol">NIFTY MIDCAP 100</p><h3 class="value">57,995.50</h3><p class="chng">835.55<!-- --> (<!-- -->1.46<!-- -->%)</p></div></div></div></div><div style="width:auto" data-index="-7" tabindex="-1" class="slick-slide slick-cloned" aria-hidden="true"><div><div class="tab-item  owl-carousel .owl-item" style="width:100%;display:inline-block" tabindex="-1"><div class="item indices_details text-start green_box " style="padding:10px;margin-bottom:10px"><p class="symbol">NIFTY SMLCAP 100</p><h3 class="value">18,194.20</h3><p class="chng">181.10<!-- --> (<!-- -->1.01<!-- -->%)</p></div></div></div></div><div style="width:auto" data-index="-6" tabindex="-1" class="slick-slide slick-cloned" aria-hidden="true"><div><div class="tab-item  owl-carousel .owl-item" style="width:100%;display:inline-block" tabindex="-1"><div class="item indices_details text-start green_box " style="padding:10px;margin-bottom:10px"><p class="symbol">NIFTY AUTO</p><h3 class="value">23,679.35</h3><p class="chng">244.70<!-- --> (<!-- -->1.04<!-- -->%)</p></div></div></div></div><div style="width:auto" data-index="-5" tabindex="-1" class="slick-slide slick-cloned" aria-hidden="true"><div><div class="tab-item  owl-carousel .owl-item" style="width:100%;display:inline-block" tabindex="-1"><div class="item indices_details text-start green_box " style="padding:10px;margin-bottom:10px"><p class="symbol">NIFTY FMCG</p><h3 class="value">54,630.95</h3><p class="chng">347.45<!-- --> (<!-- -->0.64<!-- -->%)</p></div></div></div></div><div style="width:auto" data-index="-4" tabindex="-1" class="slick-slide slick-cloned" aria-hidden="true"><div><div class="tab-item  owl-carousel .owl-item" style="width:100%;display:inline-block" tabindex="-1"><div class="item indices_details text-start green_box " style="padding:10px;margin-bottom:10px"><p class="symbol">NIFTY IT</p><h3 class="value">38,991.45</h3><p class="chng">326.50<!-- --> (<!-- -->0.84<!-- -->%)</p></div></div></div></div><div style="width:auto" data-index="-3" tabindex="-1" class="slick-slide slick-cloned" aria-hidden="true"><div><div class="tab-item  owl-carousel .owl-item" style="width:100%;display:inline-block" tabindex="-1"><div class="item indices_details text-start green_box " style="padding:10px;margin-bottom:10px"><p class="symbol">NIFTY ALPHA 50</p><h3 class="value">52,160.20</h3><p class="chng">763.70<!-- --> (<!-- -->1.49<!-- -->%)</p></div></div></div></div><div style="width:auto" data-index="-2" tabindex="-1" class="slick-slide slick-cloned" aria-hidden="true"><div><div class="tab-item  owl-carousel .owl-item" style="width:100%;display:inline-block" tabindex="-1"><div class="item indices_details text-start green_box " style="padding:10px;margin-bottom:10px"><p class="symbol">NIFTY DIV OPPS 50</p><h3 class="value">6,040.30</h3><p class="chng">59.65<!-- --> (<!-- -->1.00<!-- -->%)</p></div></div></div></div><div style="width:auto" data-index="-1" tabindex="-1" class="slick-slide slick-cloned" aria-hidden="true"><div><div class="tab-item  owl-carousel .owl-item" style="width:100%;display:inline-block" tabindex="-1"><div class="item indices_details text-start green_box " style="padding:10px;margin-bottom:10px"><p class="symbol">NIFTY GROWSECT 15</p><h3 class="value">11,486.70</h3><p class="chng">121.50<!-- --> (<!-- -->1.07<!-- -->%)</p></div></div></div></div><div style="outline:none;width:auto" data-index="0" class="slick-slide slick-active slick-current" tabindex="-1" aria-hidden="false"><div><div class="tab-item active owl-carousel .owl-item" style="width:100%;display:inline-block" tabindex="-1"><div class="item indices_details text-start green_box active" style="padding:10px;margin-bottom:10px"><p class="symbol">NIFTY 50</p><h3 class="value">25,112.40</h3><p class="chng">319.15<!-- --> (<!-- -->1.29<!-- -->%)</p></div></div></div></div><div style="outline:none;width:auto" data-index="1" class="slick-slide" tabindex="-1" aria-hidden="true"><div><div class="tab-item  owl-carousel .owl-item" style="width:100%;display:inline-block" tabindex="-1"><div class="item indices_details text-start green_box " style="padding:10px;margin-bottom:10px"><p class="symbol">NIFTY NEXT 50</p><h3 class="value">66,733.05</h3><p class="chng">884.90<!-- --> (<!-- -->1.34<!-- -->%)</p></div></div></div></div><div style="outline:none;width:auto" data-index="2" class="slick-slide" tabindex="-1" aria-hidden="true"><div><div class="tab-item  owl-carousel .owl-item" style="width:100%;display:inline-block" tabindex="-1"><div class="item indices_details text-start green_box " style="padding:10px;margin-bottom:10px"><p class="symbol">NIFTY FIN SERVICE</p><h3 class="value">26,648.70</h3><p class="chng">349.05<!-- --> (<!-- -->1.33<!-- -->%)</p></div></div></div></div><div style="outline:none;width:auto" data-index="3" class="slick-slide" tabindex="-1" aria-hidden="true"><div><div class="tab-item  owl-carousel .owl-item" style="width:100%;display:inline-block" tabindex="-1"><div class="item indices_details text-start green_box " style="padding:10px;margin-bottom:10px"><p class="symbol">NIFTY BANK</p><h3 class="value">56,252.85</h3><p class="chng">675.40<!-- --> (<!-- -->1.22<!-- -->%)</p></div></div></div></div><div style="outline:none;width:auto" data-index="4" class="slick-slide" tabindex="-1" aria-hidden="true"><div><div class="tab-item  owl-carousel .owl-item" style="width:100%;display:inline-block" tabindex="-1"><div class="item indices_details text-start green_box " style="padding:10px;margin-bottom:10px"><p class="symbol">NIFTY 100</p><h3 class="value">25,648.80</h3><p class="chng">328.35<!-- --> (<!-- -->1.30<!-- -->%)</p></div></div></div></div><div style="outline:none;width:auto" data-index="5" class="slick-slide" tabindex="-1" aria-hidden="true"><div><div class="tab-item  owl-carousel .owl-item" style="width:100%;display:inline-block" tabindex="-1"><div class="item indices_details text-start green_box " style="padding:10px;margin-bottom:10px"><p class="symbol">NIFTY MIDCAP 100</p><h3 class="value">57,995.50</h3><p class="chng">835.55<!-- --> (<!-- -->1.46<!-- -->%)</p></div></div></div></div><div style="outline:none;width:auto" data-index="6" class="slick-slide" tabindex="-1" aria-hidden="true"><div><div class="tab-item  owl-carousel .owl-item" style="width:100%;display:inline-block" tabindex="-1"><div class="item indices_details text-start green_box " style="padding:10px;margin-bottom:10px"><p class="symbol">NIFTY SMLCAP 100</p><h3 class="value">18,194.20</h3><p class="chng">181.10<!-- --> (<!-- -->1.01<!-- -->%)</p></div></div></div></div><div style="outline:none;width:auto" data-index="7" class="slick-slide" tabindex="-1" aria-hidden="true"><div><div class="tab-item  owl-carousel .owl-item" style="width:100%;display:inline-block" tabindex="-1"><div class="item indices_details text-start green_box " style="padding:10px;margin-bottom:10px"><p class="symbol">NIFTY AUTO</p><h3 class="value">23,679.35</h3><p class="chng">244.70<!-- --> (<!-- -->1.04<!-- -->%)</p></div></div></div></div><div style="outline:none;width:auto" data-index="8" class="slick-slide" tabindex="-1" aria-hidden="true"><div><div class="tab-item  owl-carousel .owl-item" style="width:100%;display:inline-block" tabindex="-1"><div class="item indices_details text-start green_box " style="padding:10px;margin-bottom:10px"><p class="symbol">NIFTY FMCG</p><h3 class="value">54,630.95</h3><p class="chng">347.45<!-- --> (<!-- -->0.64<!-- -->%)</p></div></div></div></div><div style="outline:none;width:auto" data-index="9" class="slick-slide" tabindex="-1" aria-hidden="true"><div><div class="tab-item  owl-carousel .owl-item" style="width:100%;display:inline-block" tabindex="-1"><div class="item indices_details text-start green_box " style="padding:10px;margin-bottom:10px"><p class="symbol">NIFTY IT</p><h3 class="value">38,991.45</h3><p class="chng">326.50<!-- --> (<!-- -->0.84<!-- -->%)</p></div></div></div></div><div style="outline:none;width:auto" data-index="10" class="slick-slide" tabindex="-1" aria-hidden="true"><div><div class="tab-item  owl-carousel .owl-item" style="width:100%;display:inline-block" tabindex="-1"><div class="item indices_details text-start green_box " style="padding:10px;margin-bottom:10px"><p class="symbol">NIFTY ALPHA 50</p><h3 class="value">52,160.20</h3><p class="chng">763.70<!-- --> (<!-- -->1.49<!-- -->%)</p></div></div></div></div><div style="outline:none;width:auto" data-index="11" class="slick-slide" tabindex="-1" aria-hidden="true"><div><div class="tab-item  owl-carousel .owl-item" style="width:100%;display:inline-block" tabindex="-1"><div class="item indices_details text-start green_box " style="padding:10px;margin-bottom:10px"><p class="symbol">NIFTY DIV OPPS 50</p><h3 class="value">6,040.30</h3><p class="chng">59.65<!-- --> (<!-- -->1.00<!-- -->%)</p></div></div></div></div><div style="outline:none;width:auto" data-index="12" class="slick-slide" tabindex="-1" aria-hidden="true"><div><div class="tab-item  owl-carousel .owl-item" style="width:100%;display:inline-block" tabindex="-1"><div class="item indices_details text-start green_box " style="padding:10px;margin-bottom:10px"><p class="symbol">NIFTY GROWSECT 15</p><h3 class="value">11,486.70</h3><p class="chng">121.50<!-- --> (<!-- -->1.07<!-- -->%)</p></div></div></div></div><div style="width:auto" data-index="13" tabindex="-1" class="slick-slide slick-cloned" aria-hidden="true"><div><div class="tab-item active owl-carousel .owl-item" style="width:100%;display:inline-block" tabindex="-1"><div class="item indices_details text-start green_box active" style="padding:10px;margin-bottom:10px"><p class="symbol">NIFTY 50</p><h3 class="value">25,112.40</h3><p class="chng">319.15<!-- --> (<!-- -->1.29<!-- -->%)</p></div></div></div></div><div style="width:auto" data-index="14" tabindex="-1" class="slick-slide slick-cloned" aria-hidden="true"><div><div class="tab-item  owl-carousel .owl-item" style="width:100%;display:inline-block" tabindex="-1"><div class="item indices_details text-start green_box " style="padding:10px;margin-bottom:10px"><p class="symbol">NIFTY NEXT 50</p><h3 class="value">66,733.05</h3><p class="chng">884.90<!-- --> (<!-- -->1.34<!-- -->%)</p></div></div></div></div><div style="width:auto" data-index="15" tabindex="-1" class="slick-slide slick-cloned" aria-hidden="true"><div><div class="tab-item  owl-carousel .owl-item" style="width:100%;display:inline-block" tabindex="-1"><div class="item indices_details text-start green_box " style="padding:10px;margin-bottom:10px"><p class="symbol">NIFTY FIN SERVICE</p><h3 class="value">26,648.70</h3><p class="chng">349.05<!-- --> (<!-- -->1.33<!-- -->%)</p></div></div></div></div><div style="width:auto" data-index="16" tabindex="-1" class="slick-slide slick-cloned" aria-hidden="true"><div><div class="tab-item  owl-carousel .owl-item" style="width:100%;display:inline-block" tabindex="-1"><div class="item indices_details text-start green_box " style="padding:10px;margin-bottom:10px"><p class="symbol">NIFTY BANK</p><h3 class="value">56,252.85</h3><p class="chng">675.40<!-- --> (<!-- -->1.22<!-- -->%)</p></div></div></div></div><div style="width:auto" data-index="17" tabindex="-1" class="slick-slide slick-cloned" aria-hidden="true"><div><div class="tab-item  owl-carousel .owl-item" style="width:100%;display:inline-block" tabindex="-1"><div class="item indices_details text-start green_box " style="padding:10px;margin-bottom:10px"><p class="symbol">NIFTY 100</p><h3 class="value">25,648.80</h3><p class="chng">328.35<!-- --> (<!-- -->1.30<!-- -->%)</p></div></div></div></div><div style="width:auto" data-index="18" tabindex="-1" class="slick-slide slick-cloned" aria-hidden="true"><div><div class="tab-item  owl-carousel .owl-item" style="width:100%;display:inline-block" tabindex="-1"><div class="item indices_details text-start green_box " style="padding:10px;margin-bottom:10px"><p class="symbol">NIFTY MIDCAP 100</p><h3 class="value">57,995.50</h3><p class="chng">835.55<!-- --> (<!-- -->1.46<!-- -->%)</p></div></div></div></div><div style="width:auto" data-index="19" tabindex="-1" class="slick-slide slick-cloned" aria-hidden="true"><div><div class="tab-item  owl-carousel .owl-item" style="width:100%;display:inline-block" tabindex="-1"><div class="item indices_details text-start green_box " style="padding:10px;margin-bottom:10px"><p class="symbol">NIFTY SMLCAP 100</p><h3 class="value">18,194.20</h3><p class="chng">181.10<!-- --> (<!-- -->1.01<!-- -->%)</p></div></div></div></div><div style="width:auto" data-index="20" tabindex="-1" class="slick-slide slick-cloned" aria-hidden="true"><div><div class="tab-item  owl-carousel .owl-item" style="width:100%;display:inline-block" tabindex="-1"><div class="item indices_details text-start green_box " style="padding:10px;margin-bottom:10px"><p class="symbol">NIFTY AUTO</p><h3 class="value">23,679.35</h3><p class="chng">244.70<!-- --> (<!-- -->1.04<!-- -->%)</p></div></div></div></div><div style="width:auto" data-index="21" tabindex="-1" class="slick-slide slick-cloned" aria-hidden="true"><div><div class="tab-item  owl-carousel .owl-item" style="width:100%;display:inline-block" tabindex="-1"><div class="item indices_details text-start green_box " style="padding:10px;margin-bottom:10px"><p class="symbol">NIFTY FMCG</p><h3 class="value">54,630.95</h3><p class="chng">347.45<!-- --> (<!-- -->0.64<!-- -->%)</p></div></div></div></div><div style="width:auto" data-index="22" tabindex="-1" class="slick-slide slick-cloned" aria-hidden="true"><div><div class="tab-item  owl-carousel .owl-item" style="width:100%;display:inline-block" tabindex="-1"><div class="item indices_details text-start green_box " style="padding:10px;margin-bottom:10px"><p class="symbol">NIFTY IT</p><h3 class="value">38,991.45</h3><p class="chng">326.50<!-- --> (<!-- -->0.84<!-- -->%)</p></div></div></div></div><div style="width:auto" data-index="23" tabindex="-1" class="slick-slide slick-cloned" aria-hidden="true"><div><div class="tab-item  owl-carousel .owl-item" style="width:100%;display:inline-block" tabindex="-1"><div class="item indices_details text-start green_box " style="padding:10px;margin-bottom:10px"><p class="symbol">NIFTY ALPHA 50</p><h3 class="value">52,160.20</h3><p class="chng">763.70<!-- --> (<!-- -->1.49<!-- -->%)</p></div></div></div></div><div style="width:auto" data-index="24" tabindex="-1" class="slick-slide slick-cloned" aria-hidden="true"><div><div class="tab-item  owl-carousel .owl-item" style="width:100%;display:inline-block" tabindex="-1"><div class="item indices_details text-start green_box " style="padding:10px;margin-bottom:10px"><p class="symbol">NIFTY DIV OPPS 50</p><h3 class="value">6,040.30</h3><p class="chng">59.65<!-- --> (<!-- -->1.00<!-- -->%)</p></div></div></div></div><div style="width:auto" data-index="25" tabindex="-1" class="slick-slide slick-cloned" aria-hidden="true"><div><div class="tab-item  owl-carousel .owl-item" style="width:100%;display:inline-block" tabindex="-1"><div class="item indices_details text-start green_box " style="padding:10px;margin-bottom:10px"><p class="symbol">NIFTY GROWSECT 15</p><h3 class="value">11,486.70</h3><p class="chng">121.50<!-- --> (<!-- -->1.07<!-- -->%)</p></div></div></div></div></div></div><button type="button" data-role="none" class="slick-arrow slick-next" style="display:block"> <!-- -->Next</button></div></div></div><div class="col-xxl-12 col-xl-12 col-lg-12 col-sm-12 col-12"><div class="row"><div class="col-xxl-6 col-xl-6 col-lg-6 col-md-6 col-sm-5 col-5"><div class="symbol_value "><a href="/index-tracker/NIFTY 50" target="_blank" class="subtitle_text"><p class="symbol">NIFTY 50</p></a></div></div><div class="col-xxl-6 col-xl-6 col-lg-6 col-md-6 col-sm-7 col-7"><div class="update_date"><p>Updated: 20-Jun-2025 15:30 IST<!-- --> </p></div></div></div></div><div class="col-xxl-3 col-xl-3 col-lg-3 col-md-3 col-sm-4 col-4"><div class="symbol_value"><h3 class="value withoutstreaming">25,112.40</h3><p class="chng green_text">319.15<!-- --> <span>(<!-- -->1.29<!-- -->%)</span></p></div></div><div class="col-xxl-9 col-xl-9 col-lg-9 col-md-9 col-sm-8 col-8"><div class="row"><div class="col-xxl-4 col-xl-4 col-lg-4 col-md-4 col-sm-4 col-4"><div class="indices_value symbol_open "><p>Open</p><h3>24,787.65</h3></div></div><div class="col-xxl-4 col-xl-4 col-lg-4 col-md-4 col-sm-4 col-4"><div class="indices_value symbol_high"><p>High</p><h3>25,136.20</h3></div></div><div class="col-xxl-3 col-xl-3 col-lg-3 col-md-3 col-sm-3 col-3"><div class="indices_value symbol_low"><p>Low</p><h3>24,783.65</h3></div></div></div></div><div class="col-xxl-12 col-xl-12 col-lg-12 col-sm-12 col-12"><div class="chart-market-today"><div class="chart-container"><div class="col-xxl-12 col-xl-12 col-lg-12 col-sm-12 col-12"><div class="home-chart-section"><div></div><div class="chart-btn btn-group" role="group"><button type="button" class="active">1D</button><button type="button" class="">1M</button><button type="button" class="">3M</button><button type="button" class="">6M</button><button type="button" class="">1Y</button><a href="/market-data/live-market-indices/heatmap" class="heatmap-link ms-2"><img src="/next-assets/images/tree-map-1.png" alt="Heatmap" title="Heatmap"/></a></div></div></div></div></div></div></div></div></div><div class="col-xxl-6 col-xl-6 col-lg-6 col-md-12 col-sm-12 col-12 mt-3 mt-lg-0"><div id="topBanner" class="carousel slide advertisement"><div class="slick-slider slick-initialized" dir="ltr"><div class="slick-list"><div class="slick-track" style="width:2300%;left:-100%"><div data-index="-1" tabindex="-1" class="slick-slide slick-cloned" aria-hidden="true" style="width:4.3478260869565215%"><div><div tabindex="-1" style="width:100%;display:inline-block"><a target="_blank" href="https://sice.nism.ac.in/"><img alt="Register now for the online Investor Certification Examination: https://sice.nism.ac.in/" title="Register now for the online Investor Certification Examination: https://sice.nism.ac.in/" loading="lazy" width="636" height="555" decoding="async" data-nimg="1" style="color:transparent;width:100%;height:auto" sizes="100vw" srcSet="https://nsearchives.nseindia.com//web/banner/2025-03/New_Web_Banner_636x55505_20250327150003.webp?w=640 640w, https://nsearchives.nseindia.com//web/banner/2025-03/New_Web_Banner_636x55505_20250327150003.webp?w=750 750w, https://nsearchives.nseindia.com//web/banner/2025-03/New_Web_Banner_636x55505_20250327150003.webp?w=828 828w, https://nsearchives.nseindia.com//web/banner/2025-03/New_Web_Banner_636x55505_20250327150003.webp?w=1080 1080w, https://nsearchives.nseindia.com//web/banner/2025-03/New_Web_Banner_636x55505_20250327150003.webp?w=1200 1200w, https://nsearchives.nseindia.com//web/banner/2025-03/New_Web_Banner_636x55505_20250327150003.webp?w=1920 1920w, https://nsearchives.nseindia.com//web/banner/2025-03/New_Web_Banner_636x55505_20250327150003.webp?w=2048 2048w, https://nsearchives.nseindia.com//web/banner/2025-03/New_Web_Banner_636x55505_20250327150003.webp?w=3840 3840w" src="https://nsearchives.nseindia.com//web/banner/2025-03/New_Web_Banner_636x55505_20250327150003.webp?w=3840"/></a></div></div></div><div data-index="0" class="slick-slide slick-active slick-current" tabindex="-1" aria-hidden="false" style="outline:none;width:4.3478260869565215%"><div><div tabindex="-1" style="width:100%;display:inline-block"><a target="_blank" href="https://www.nseindia.com/research/publications-reports-nse-market-pulse"><img alt="NSE Market Pulse Report - May 2025" title="NSE Market Pulse Report - May 2025" fetchPriority="high" loading="eager" width="636" height="555" decoding="async" data-nimg="1" style="color:transparent;width:100%;height:auto" sizes="100vw" srcSet="https://nsearchives.nseindia.com//web/banner/2025-05/WebBanner_636x555_May2025_20250529102058.jpg?w=640 640w, https://nsearchives.nseindia.com//web/banner/2025-05/WebBanner_636x555_May2025_20250529102058.jpg?w=750 750w, https://nsearchives.nseindia.com//web/banner/2025-05/WebBanner_636x555_May2025_20250529102058.jpg?w=828 828w, https://nsearchives.nseindia.com//web/banner/2025-05/WebBanner_636x555_May2025_20250529102058.jpg?w=1080 1080w, https://nsearchives.nseindia.com//web/banner/2025-05/WebBanner_636x555_May2025_20250529102058.jpg?w=1200 1200w, https://nsearchives.nseindia.com//web/banner/2025-05/WebBanner_636x555_May2025_20250529102058.jpg?w=1920 1920w, https://nsearchives.nseindia.com//web/banner/2025-05/WebBanner_636x555_May2025_20250529102058.jpg?w=2048 2048w, https://nsearchives.nseindia.com//web/banner/2025-05/WebBanner_636x555_May2025_20250529102058.jpg?w=3840 3840w" src="https://nsearchives.nseindia.com//web/banner/2025-05/WebBanner_636x555_May2025_20250529102058.jpg?w=3840"/></a></div></div></div><div data-index="1" class="slick-slide" tabindex="-1" aria-hidden="true" style="outline:none;width:4.3478260869565215%"><div><div tabindex="-1" style="width:100%;display:inline-block"><a target="_blank" href="https://www.youtube.com/watch?v=fiRg41yJAF4"><img alt="NSE : Enabling a Billion Dreams! Watch the NSE Documentary" title="NSE : Enabling a Billion Dreams! Watch the NSE Documentary" fetchPriority="high" loading="eager" width="636" height="555" decoding="async" data-nimg="1" style="color:transparent;width:100%;height:auto" sizes="100vw" srcSet="https://nsearchives.nseindia.com//web/banner/2025-03/New_Web_Banner_636x55504_20250327145135.webp?w=640 640w, https://nsearchives.nseindia.com//web/banner/2025-03/New_Web_Banner_636x55504_20250327145135.webp?w=750 750w, https://nsearchives.nseindia.com//web/banner/2025-03/New_Web_Banner_636x55504_20250327145135.webp?w=828 828w, https://nsearchives.nseindia.com//web/banner/2025-03/New_Web_Banner_636x55504_20250327145135.webp?w=1080 1080w, https://nsearchives.nseindia.com//web/banner/2025-03/New_Web_Banner_636x55504_20250327145135.webp?w=1200 1200w, https://nsearchives.nseindia.com//web/banner/2025-03/New_Web_Banner_636x55504_20250327145135.webp?w=1920 1920w, https://nsearchives.nseindia.com//web/banner/2025-03/New_Web_Banner_636x55504_20250327145135.webp?w=2048 2048w, https://nsearchives.nseindia.com//web/banner/2025-03/New_Web_Banner_636x55504_20250327145135.webp?w=3840 3840w" src="https://nsearchives.nseindia.com//web/banner/2025-03/New_Web_Banner_636x55504_20250327145135.webp?w=3840"/></a></div></div></div><div data-index="2" class="slick-slide" tabindex="-1" aria-hidden="true" style="outline:none;width:4.3478260869565215%"><div><div tabindex="-1" style="width:100%;display:inline-block"><a target="" href=""><img alt="Now accessing our website is easier than ever before" title="Now accessing our website is easier than ever before" fetchPriority="high" loading="eager" width="636" height="555" decoding="async" data-nimg="1" style="color:transparent;width:100%;height:auto" sizes="100vw" srcSet="https://nsearchives.nseindia.com//web/banner/2025-03/LanguageBanner_Final_20250315191415.jpg?w=640 640w, https://nsearchives.nseindia.com//web/banner/2025-03/LanguageBanner_Final_20250315191415.jpg?w=750 750w, https://nsearchives.nseindia.com//web/banner/2025-03/LanguageBanner_Final_20250315191415.jpg?w=828 828w, https://nsearchives.nseindia.com//web/banner/2025-03/LanguageBanner_Final_20250315191415.jpg?w=1080 1080w, https://nsearchives.nseindia.com//web/banner/2025-03/LanguageBanner_Final_20250315191415.jpg?w=1200 1200w, https://nsearchives.nseindia.com//web/banner/2025-03/LanguageBanner_Final_20250315191415.jpg?w=1920 1920w, https://nsearchives.nseindia.com//web/banner/2025-03/LanguageBanner_Final_20250315191415.jpg?w=2048 2048w, https://nsearchives.nseindia.com//web/banner/2025-03/LanguageBanner_Final_20250315191415.jpg?w=3840 3840w" src="https://nsearchives.nseindia.com//web/banner/2025-03/LanguageBanner_Final_20250315191415.jpg?w=3840"/></a></div></div></div><div data-index="3" class="slick-slide" tabindex="-1" aria-hidden="true" style="outline:none;width:4.3478260869565215%"><div><div tabindex="-1" style="width:100%;display:inline-block"><a target="" href=""><img alt="Inauguration of the Statue of NSE Bull by Hon&#x27;ble Governor of Maharashtra, Shri C.P. Radhakrishnan" title="Inauguration of the Statue of NSE Bull by Hon&#x27;ble Governor of Maharashtra, Shri C.P. Radhakrishnan" loading="lazy" width="636" height="555" decoding="async" data-nimg="1" style="color:transparent;width:100%;height:auto" sizes="100vw" srcSet="https://nsearchives.nseindia.com//web/banner/2025-03/New_Web_Banner_636x55502_20250327145316.webp?w=640 640w, https://nsearchives.nseindia.com//web/banner/2025-03/New_Web_Banner_636x55502_20250327145316.webp?w=750 750w, https://nsearchives.nseindia.com//web/banner/2025-03/New_Web_Banner_636x55502_20250327145316.webp?w=828 828w, https://nsearchives.nseindia.com//web/banner/2025-03/New_Web_Banner_636x55502_20250327145316.webp?w=1080 1080w, https://nsearchives.nseindia.com//web/banner/2025-03/New_Web_Banner_636x55502_20250327145316.webp?w=1200 1200w, https://nsearchives.nseindia.com//web/banner/2025-03/New_Web_Banner_636x55502_20250327145316.webp?w=1920 1920w, https://nsearchives.nseindia.com//web/banner/2025-03/New_Web_Banner_636x55502_20250327145316.webp?w=2048 2048w, https://nsearchives.nseindia.com//web/banner/2025-03/New_Web_Banner_636x55502_20250327145316.webp?w=3840 3840w" src="https://nsearchives.nseindia.com//web/banner/2025-03/New_Web_Banner_636x55502_20250327145316.webp?w=3840"/></a></div></div></div><div data-index="4" class="slick-slide" tabindex="-1" aria-hidden="true" style="outline:none;width:4.3478260869565215%"><div><div tabindex="-1" style="width:100%;display:inline-block"><a target="_blank" href="https://nsearchives.nseindia.com/web/sites/default/files/2024-10/Coffee_Table_Book.pdf"><img alt="Launch of NSE Coffee Table Book by Hon&#x27;ble Governor of Maharashtra, Shri C.P. Radhakrishnan" title="Launch of NSE Coffee Table Book by Hon&#x27;ble Governor of Maharashtra, Shri C.P. Radhakrishnan" loading="lazy" width="636" height="555" decoding="async" data-nimg="1" style="color:transparent;width:100%;height:auto" sizes="100vw" srcSet="https://nsearchives.nseindia.com//web/banner/2025-03/New_Web_Banner_636x55503_20250327145424.webp?w=640 640w, https://nsearchives.nseindia.com//web/banner/2025-03/New_Web_Banner_636x55503_20250327145424.webp?w=750 750w, https://nsearchives.nseindia.com//web/banner/2025-03/New_Web_Banner_636x55503_20250327145424.webp?w=828 828w, https://nsearchives.nseindia.com//web/banner/2025-03/New_Web_Banner_636x55503_20250327145424.webp?w=1080 1080w, https://nsearchives.nseindia.com//web/banner/2025-03/New_Web_Banner_636x55503_20250327145424.webp?w=1200 1200w, https://nsearchives.nseindia.com//web/banner/2025-03/New_Web_Banner_636x55503_20250327145424.webp?w=1920 1920w, https://nsearchives.nseindia.com//web/banner/2025-03/New_Web_Banner_636x55503_20250327145424.webp?w=2048 2048w, https://nsearchives.nseindia.com//web/banner/2025-03/New_Web_Banner_636x55503_20250327145424.webp?w=3840 3840w" src="https://nsearchives.nseindia.com//web/banner/2025-03/New_Web_Banner_636x55503_20250327145424.webp?w=3840"/></a></div></div></div><div data-index="5" class="slick-slide" tabindex="-1" aria-hidden="true" style="outline:none;width:4.3478260869565215%"><div><div tabindex="-1" style="width:100%;display:inline-block"><a target="_blank" href="https://nsearchives.nseindia.com/web/sites/default/files/2024-07/20240724_NSE_Report_Indian_Capital_Markets_Digital.pdf"><img alt="Shri Ashishkumar Chauhan, MD &amp; CEO, NSE presented the NSE Bull to the Hon?ble Prime Minister of India, Shri Narendra Modi" title="Shri Ashishkumar Chauhan, MD &amp; CEO, NSE presented the NSE Bull to the Hon?ble Prime Minister of India, Shri Narendra Modi" loading="lazy" width="636" height="555" decoding="async" data-nimg="1" style="color:transparent;width:100%;height:auto" sizes="100vw" srcSet="https://nsearchives.nseindia.com//web/banner/2025-03/New_Web_Banner_636x55501_20250327145551.webp?w=640 640w, https://nsearchives.nseindia.com//web/banner/2025-03/New_Web_Banner_636x55501_20250327145551.webp?w=750 750w, https://nsearchives.nseindia.com//web/banner/2025-03/New_Web_Banner_636x55501_20250327145551.webp?w=828 828w, https://nsearchives.nseindia.com//web/banner/2025-03/New_Web_Banner_636x55501_20250327145551.webp?w=1080 1080w, https://nsearchives.nseindia.com//web/banner/2025-03/New_Web_Banner_636x55501_20250327145551.webp?w=1200 1200w, https://nsearchives.nseindia.com//web/banner/2025-03/New_Web_Banner_636x55501_20250327145551.webp?w=1920 1920w, https://nsearchives.nseindia.com//web/banner/2025-03/New_Web_Banner_636x55501_20250327145551.webp?w=2048 2048w, https://nsearchives.nseindia.com//web/banner/2025-03/New_Web_Banner_636x55501_20250327145551.webp?w=3840 3840w" src="https://nsearchives.nseindia.com//web/banner/2025-03/New_Web_Banner_636x55501_20250327145551.webp?w=3840"/></a></div></div></div><div data-index="6" class="slick-slide" tabindex="-1" aria-hidden="true" style="outline:none;width:4.3478260869565215%"><div><div tabindex="-1" style="width:100%;display:inline-block"><a target="_blank" href="https://nflq.nism.ac.in/"><img alt="NISM and SEBI are organising the National Finance Literacy Quiz (NFLQ) Competition 2025 for PG and UG students" title="NISM and SEBI are organising the National Finance Literacy Quiz (NFLQ) Competition 2025 for PG and UG students" loading="lazy" width="636" height="555" decoding="async" data-nimg="1" style="color:transparent;width:100%;height:auto" sizes="100vw" srcSet="https://nsearchives.nseindia.com//web/banner/2025-03/NFLQwebbanner636X555_20250327180909.jpg?w=640 640w, https://nsearchives.nseindia.com//web/banner/2025-03/NFLQwebbanner636X555_20250327180909.jpg?w=750 750w, https://nsearchives.nseindia.com//web/banner/2025-03/NFLQwebbanner636X555_20250327180909.jpg?w=828 828w, https://nsearchives.nseindia.com//web/banner/2025-03/NFLQwebbanner636X555_20250327180909.jpg?w=1080 1080w, https://nsearchives.nseindia.com//web/banner/2025-03/NFLQwebbanner636X555_20250327180909.jpg?w=1200 1200w, https://nsearchives.nseindia.com//web/banner/2025-03/NFLQwebbanner636X555_20250327180909.jpg?w=1920 1920w, https://nsearchives.nseindia.com//web/banner/2025-03/NFLQwebbanner636X555_20250327180909.jpg?w=2048 2048w, https://nsearchives.nseindia.com//web/banner/2025-03/NFLQwebbanner636X555_20250327180909.jpg?w=3840 3840w" src="https://nsearchives.nseindia.com//web/banner/2025-03/NFLQwebbanner636X555_20250327180909.jpg?w=3840"/></a></div></div></div><div data-index="7" class="slick-slide" tabindex="-1" aria-hidden="true" style="outline:none;width:4.3478260869565215%"><div><div tabindex="-1" style="width:100%;display:inline-block"><a target="" href=""><img alt="World&#x27;s Largest Derivative Exchange for the 6th Consecutive year in 2024 (Source: FIA)" title="World&#x27;s Largest Derivative Exchange for the 6th Consecutive year in 2024 (Source: FIA)" loading="lazy" width="636" height="555" decoding="async" data-nimg="1" style="color:transparent;width:100%;height:auto" sizes="100vw" srcSet="https://nsearchives.nseindia.com//web/banner/2025-04/New_Web_Banner_636x55506_20250403115620.webp?w=640 640w, https://nsearchives.nseindia.com//web/banner/2025-04/New_Web_Banner_636x55506_20250403115620.webp?w=750 750w, https://nsearchives.nseindia.com//web/banner/2025-04/New_Web_Banner_636x55506_20250403115620.webp?w=828 828w, https://nsearchives.nseindia.com//web/banner/2025-04/New_Web_Banner_636x55506_20250403115620.webp?w=1080 1080w, https://nsearchives.nseindia.com//web/banner/2025-04/New_Web_Banner_636x55506_20250403115620.webp?w=1200 1200w, https://nsearchives.nseindia.com//web/banner/2025-04/New_Web_Banner_636x55506_20250403115620.webp?w=1920 1920w, https://nsearchives.nseindia.com//web/banner/2025-04/New_Web_Banner_636x55506_20250403115620.webp?w=2048 2048w, https://nsearchives.nseindia.com//web/banner/2025-04/New_Web_Banner_636x55506_20250403115620.webp?w=3840 3840w" src="https://nsearchives.nseindia.com//web/banner/2025-04/New_Web_Banner_636x55506_20250403115620.webp?w=3840"/></a></div></div></div><div data-index="8" class="slick-slide" tabindex="-1" aria-hidden="true" style="outline:none;width:4.3478260869565215%"><div><div tabindex="-1" style="width:100%;display:inline-block"><a target="" href=""><img alt="Ranked 2nd in the world in the Equity Segment by number in trades in 2024 (Source: WFE)" title="Ranked 2nd in the world in the Equity Segment by number in trades in 2024 (Source: WFE)" loading="lazy" width="636" height="555" decoding="async" data-nimg="1" style="color:transparent;width:100%;height:auto" sizes="100vw" srcSet="https://nsearchives.nseindia.com//web/banner/2025-04/New_Web_Banner_636x55507_20250403115714.webp?w=640 640w, https://nsearchives.nseindia.com//web/banner/2025-04/New_Web_Banner_636x55507_20250403115714.webp?w=750 750w, https://nsearchives.nseindia.com//web/banner/2025-04/New_Web_Banner_636x55507_20250403115714.webp?w=828 828w, https://nsearchives.nseindia.com//web/banner/2025-04/New_Web_Banner_636x55507_20250403115714.webp?w=1080 1080w, https://nsearchives.nseindia.com//web/banner/2025-04/New_Web_Banner_636x55507_20250403115714.webp?w=1200 1200w, https://nsearchives.nseindia.com//web/banner/2025-04/New_Web_Banner_636x55507_20250403115714.webp?w=1920 1920w, https://nsearchives.nseindia.com//web/banner/2025-04/New_Web_Banner_636x55507_20250403115714.webp?w=2048 2048w, https://nsearchives.nseindia.com//web/banner/2025-04/New_Web_Banner_636x55507_20250403115714.webp?w=3840 3840w" src="https://nsearchives.nseindia.com//web/banner/2025-04/New_Web_Banner_636x55507_20250403115714.webp?w=3840"/></a></div></div></div><div data-index="9" class="slick-slide" tabindex="-1" aria-hidden="true" style="outline:none;width:4.3478260869565215%"><div><div tabindex="-1" style="width:100%;display:inline-block"><a target="_blank" href="https://www.nseindia.com/products-services/commodity-derivatives-contract-specification-energy"><img alt="Options on WTI Crude Oil Futures and Natural Gas Futures Contracts" title="Options on WTI Crude Oil Futures and Natural Gas Futures Contracts" loading="lazy" width="636" height="555" decoding="async" data-nimg="1" style="color:transparent;width:100%;height:auto" sizes="100vw" srcSet="https://nsearchives.nseindia.com//web/banner/2025-03/WTI_Final_20250315192208.jpg?w=640 640w, https://nsearchives.nseindia.com//web/banner/2025-03/WTI_Final_20250315192208.jpg?w=750 750w, https://nsearchives.nseindia.com//web/banner/2025-03/WTI_Final_20250315192208.jpg?w=828 828w, https://nsearchives.nseindia.com//web/banner/2025-03/WTI_Final_20250315192208.jpg?w=1080 1080w, https://nsearchives.nseindia.com//web/banner/2025-03/WTI_Final_20250315192208.jpg?w=1200 1200w, https://nsearchives.nseindia.com//web/banner/2025-03/WTI_Final_20250315192208.jpg?w=1920 1920w, https://nsearchives.nseindia.com//web/banner/2025-03/WTI_Final_20250315192208.jpg?w=2048 2048w, https://nsearchives.nseindia.com//web/banner/2025-03/WTI_Final_20250315192208.jpg?w=3840 3840w" src="https://nsearchives.nseindia.com//web/banner/2025-03/WTI_Final_20250315192208.jpg?w=3840"/></a></div></div></div><div data-index="10" class="slick-slide" tabindex="-1" aria-hidden="true" style="outline:none;width:4.3478260869565215%"><div><div tabindex="-1" style="width:100%;display:inline-block"><a target="_blank" href="https://sice.nism.ac.in/"><img alt="Register now for the online Investor Certification Examination: https://sice.nism.ac.in/" title="Register now for the online Investor Certification Examination: https://sice.nism.ac.in/" loading="lazy" width="636" height="555" decoding="async" data-nimg="1" style="color:transparent;width:100%;height:auto" sizes="100vw" srcSet="https://nsearchives.nseindia.com//web/banner/2025-03/New_Web_Banner_636x55505_20250327150003.webp?w=640 640w, https://nsearchives.nseindia.com//web/banner/2025-03/New_Web_Banner_636x55505_20250327150003.webp?w=750 750w, https://nsearchives.nseindia.com//web/banner/2025-03/New_Web_Banner_636x55505_20250327150003.webp?w=828 828w, https://nsearchives.nseindia.com//web/banner/2025-03/New_Web_Banner_636x55505_20250327150003.webp?w=1080 1080w, https://nsearchives.nseindia.com//web/banner/2025-03/New_Web_Banner_636x55505_20250327150003.webp?w=1200 1200w, https://nsearchives.nseindia.com//web/banner/2025-03/New_Web_Banner_636x55505_20250327150003.webp?w=1920 1920w, https://nsearchives.nseindia.com//web/banner/2025-03/New_Web_Banner_636x55505_20250327150003.webp?w=2048 2048w, https://nsearchives.nseindia.com//web/banner/2025-03/New_Web_Banner_636x55505_20250327150003.webp?w=3840 3840w" src="https://nsearchives.nseindia.com//web/banner/2025-03/New_Web_Banner_636x55505_20250327150003.webp?w=3840"/></a></div></div></div><div data-index="11" tabindex="-1" class="slick-slide slick-cloned" aria-hidden="true" style="width:4.3478260869565215%"><div><div tabindex="-1" style="width:100%;display:inline-block"><a target="_blank" href="https://www.nseindia.com/research/publications-reports-nse-market-pulse"><img alt="NSE Market Pulse Report - May 2025" title="NSE Market Pulse Report - May 2025" fetchPriority="high" loading="eager" width="636" height="555" decoding="async" data-nimg="1" style="color:transparent;width:100%;height:auto" sizes="100vw" srcSet="https://nsearchives.nseindia.com//web/banner/2025-05/WebBanner_636x555_May2025_20250529102058.jpg?w=640 640w, https://nsearchives.nseindia.com//web/banner/2025-05/WebBanner_636x555_May2025_20250529102058.jpg?w=750 750w, https://nsearchives.nseindia.com//web/banner/2025-05/WebBanner_636x555_May2025_20250529102058.jpg?w=828 828w, https://nsearchives.nseindia.com//web/banner/2025-05/WebBanner_636x555_May2025_20250529102058.jpg?w=1080 1080w, https://nsearchives.nseindia.com//web/banner/2025-05/WebBanner_636x555_May2025_20250529102058.jpg?w=1200 1200w, https://nsearchives.nseindia.com//web/banner/2025-05/WebBanner_636x555_May2025_20250529102058.jpg?w=1920 1920w, https://nsearchives.nseindia.com//web/banner/2025-05/WebBanner_636x555_May2025_20250529102058.jpg?w=2048 2048w, https://nsearchives.nseindia.com//web/banner/2025-05/WebBanner_636x555_May2025_20250529102058.jpg?w=3840 3840w" src="https://nsearchives.nseindia.com//web/banner/2025-05/WebBanner_636x555_May2025_20250529102058.jpg?w=3840"/></a></div></div></div><div data-index="12" tabindex="-1" class="slick-slide slick-cloned" aria-hidden="true" style="width:4.3478260869565215%"><div><div tabindex="-1" style="width:100%;display:inline-block"><a target="_blank" href="https://www.youtube.com/watch?v=fiRg41yJAF4"><img alt="NSE : Enabling a Billion Dreams! Watch the NSE Documentary" title="NSE : Enabling a Billion Dreams! Watch the NSE Documentary" fetchPriority="high" loading="eager" width="636" height="555" decoding="async" data-nimg="1" style="color:transparent;width:100%;height:auto" sizes="100vw" srcSet="https://nsearchives.nseindia.com//web/banner/2025-03/New_Web_Banner_636x55504_20250327145135.webp?w=640 640w, https://nsearchives.nseindia.com//web/banner/2025-03/New_Web_Banner_636x55504_20250327145135.webp?w=750 750w, https://nsearchives.nseindia.com//web/banner/2025-03/New_Web_Banner_636x55504_20250327145135.webp?w=828 828w, https://nsearchives.nseindia.com//web/banner/2025-03/New_Web_Banner_636x55504_20250327145135.webp?w=1080 1080w, https://nsearchives.nseindia.com//web/banner/2025-03/New_Web_Banner_636x55504_20250327145135.webp?w=1200 1200w, https://nsearchives.nseindia.com//web/banner/2025-03/New_Web_Banner_636x55504_20250327145135.webp?w=1920 1920w, https://nsearchives.nseindia.com//web/banner/2025-03/New_Web_Banner_636x55504_20250327145135.webp?w=2048 2048w, https://nsearchives.nseindia.com//web/banner/2025-03/New_Web_Banner_636x55504_20250327145135.webp?w=3840 3840w" src="https://nsearchives.nseindia.com//web/banner/2025-03/New_Web_Banner_636x55504_20250327145135.webp?w=3840"/></a></div></div></div><div data-index="13" tabindex="-1" class="slick-slide slick-cloned" aria-hidden="true" style="width:4.3478260869565215%"><div><div tabindex="-1" style="width:100%;display:inline-block"><a target="" href=""><img alt="Now accessing our website is easier than ever before" title="Now accessing our website is easier than ever before" fetchPriority="high" loading="eager" width="636" height="555" decoding="async" data-nimg="1" style="color:transparent;width:100%;height:auto" sizes="100vw" srcSet="https://nsearchives.nseindia.com//web/banner/2025-03/LanguageBanner_Final_20250315191415.jpg?w=640 640w, https://nsearchives.nseindia.com//web/banner/2025-03/LanguageBanner_Final_20250315191415.jpg?w=750 750w, https://nsearchives.nseindia.com//web/banner/2025-03/LanguageBanner_Final_20250315191415.jpg?w=828 828w, https://nsearchives.nseindia.com//web/banner/2025-03/LanguageBanner_Final_20250315191415.jpg?w=1080 1080w, https://nsearchives.nseindia.com//web/banner/2025-03/LanguageBanner_Final_20250315191415.jpg?w=1200 1200w, https://nsearchives.nseindia.com//web/banner/2025-03/LanguageBanner_Final_20250315191415.jpg?w=1920 1920w, https://nsearchives.nseindia.com//web/banner/2025-03/LanguageBanner_Final_20250315191415.jpg?w=2048 2048w, https://nsearchives.nseindia.com//web/banner/2025-03/LanguageBanner_Final_20250315191415.jpg?w=3840 3840w" src="https://nsearchives.nseindia.com//web/banner/2025-03/LanguageBanner_Final_20250315191415.jpg?w=3840"/></a></div></div></div><div data-index="14" tabindex="-1" class="slick-slide slick-cloned" aria-hidden="true" style="width:4.3478260869565215%"><div><div tabindex="-1" style="width:100%;display:inline-block"><a target="" href=""><img alt="Inauguration of the Statue of NSE Bull by Hon&#x27;ble Governor of Maharashtra, Shri C.P. Radhakrishnan" title="Inauguration of the Statue of NSE Bull by Hon&#x27;ble Governor of Maharashtra, Shri C.P. Radhakrishnan" loading="lazy" width="636" height="555" decoding="async" data-nimg="1" style="color:transparent;width:100%;height:auto" sizes="100vw" srcSet="https://nsearchives.nseindia.com//web/banner/2025-03/New_Web_Banner_636x55502_20250327145316.webp?w=640 640w, https://nsearchives.nseindia.com//web/banner/2025-03/New_Web_Banner_636x55502_20250327145316.webp?w=750 750w, https://nsearchives.nseindia.com//web/banner/2025-03/New_Web_Banner_636x55502_20250327145316.webp?w=828 828w, https://nsearchives.nseindia.com//web/banner/2025-03/New_Web_Banner_636x55502_20250327145316.webp?w=1080 1080w, https://nsearchives.nseindia.com//web/banner/2025-03/New_Web_Banner_636x55502_20250327145316.webp?w=1200 1200w, https://nsearchives.nseindia.com//web/banner/2025-03/New_Web_Banner_636x55502_20250327145316.webp?w=1920 1920w, https://nsearchives.nseindia.com//web/banner/2025-03/New_Web_Banner_636x55502_20250327145316.webp?w=2048 2048w, https://nsearchives.nseindia.com//web/banner/2025-03/New_Web_Banner_636x55502_20250327145316.webp?w=3840 3840w" src="https://nsearchives.nseindia.com//web/banner/2025-03/New_Web_Banner_636x55502_20250327145316.webp?w=3840"/></a></div></div></div><div data-index="15" tabindex="-1" class="slick-slide slick-cloned" aria-hidden="true" style="width:4.3478260869565215%"><div><div tabindex="-1" style="width:100%;display:inline-block"><a target="_blank" href="https://nsearchives.nseindia.com/web/sites/default/files/2024-10/Coffee_Table_Book.pdf"><img alt="Launch of NSE Coffee Table Book by Hon&#x27;ble Governor of Maharashtra, Shri C.P. Radhakrishnan" title="Launch of NSE Coffee Table Book by Hon&#x27;ble Governor of Maharashtra, Shri C.P. Radhakrishnan" loading="lazy" width="636" height="555" decoding="async" data-nimg="1" style="color:transparent;width:100%;height:auto" sizes="100vw" srcSet="https://nsearchives.nseindia.com//web/banner/2025-03/New_Web_Banner_636x55503_20250327145424.webp?w=640 640w, https://nsearchives.nseindia.com//web/banner/2025-03/New_Web_Banner_636x55503_20250327145424.webp?w=750 750w, https://nsearchives.nseindia.com//web/banner/2025-03/New_Web_Banner_636x55503_20250327145424.webp?w=828 828w, https://nsearchives.nseindia.com//web/banner/2025-03/New_Web_Banner_636x55503_20250327145424.webp?w=1080 1080w, https://nsearchives.nseindia.com//web/banner/2025-03/New_Web_Banner_636x55503_20250327145424.webp?w=1200 1200w, https://nsearchives.nseindia.com//web/banner/2025-03/New_Web_Banner_636x55503_20250327145424.webp?w=1920 1920w, https://nsearchives.nseindia.com//web/banner/2025-03/New_Web_Banner_636x55503_20250327145424.webp?w=2048 2048w, https://nsearchives.nseindia.com//web/banner/2025-03/New_Web_Banner_636x55503_20250327145424.webp?w=3840 3840w" src="https://nsearchives.nseindia.com//web/banner/2025-03/New_Web_Banner_636x55503_20250327145424.webp?w=3840"/></a></div></div></div><div data-index="16" tabindex="-1" class="slick-slide slick-cloned" aria-hidden="true" style="width:4.3478260869565215%"><div><div tabindex="-1" style="width:100%;display:inline-block"><a target="_blank" href="https://nsearchives.nseindia.com/web/sites/default/files/2024-07/20240724_NSE_Report_Indian_Capital_Markets_Digital.pdf"><img alt="Shri Ashishkumar Chauhan, MD &amp; CEO, NSE presented the NSE Bull to the Hon?ble Prime Minister of India, Shri Narendra Modi" title="Shri Ashishkumar Chauhan, MD &amp; CEO, NSE presented the NSE Bull to the Hon?ble Prime Minister of India, Shri Narendra Modi" loading="lazy" width="636" height="555" decoding="async" data-nimg="1" style="color:transparent;width:100%;height:auto" sizes="100vw" srcSet="https://nsearchives.nseindia.com//web/banner/2025-03/New_Web_Banner_636x55501_20250327145551.webp?w=640 640w, https://nsearchives.nseindia.com//web/banner/2025-03/New_Web_Banner_636x55501_20250327145551.webp?w=750 750w, https://nsearchives.nseindia.com//web/banner/2025-03/New_Web_Banner_636x55501_20250327145551.webp?w=828 828w, https://nsearchives.nseindia.com//web/banner/2025-03/New_Web_Banner_636x55501_20250327145551.webp?w=1080 1080w, https://nsearchives.nseindia.com//web/banner/2025-03/New_Web_Banner_636x55501_20250327145551.webp?w=1200 1200w, https://nsearchives.nseindia.com//web/banner/2025-03/New_Web_Banner_636x55501_20250327145551.webp?w=1920 1920w, https://nsearchives.nseindia.com//web/banner/2025-03/New_Web_Banner_636x55501_20250327145551.webp?w=2048 2048w, https://nsearchives.nseindia.com//web/banner/2025-03/New_Web_Banner_636x55501_20250327145551.webp?w=3840 3840w" src="https://nsearchives.nseindia.com//web/banner/2025-03/New_Web_Banner_636x55501_20250327145551.webp?w=3840"/></a></div></div></div><div data-index="17" tabindex="-1" class="slick-slide slick-cloned" aria-hidden="true" style="width:4.3478260869565215%"><div><div tabindex="-1" style="width:100%;display:inline-block"><a target="_blank" href="https://nflq.nism.ac.in/"><img alt="NISM and SEBI are organising the National Finance Literacy Quiz (NFLQ) Competition 2025 for PG and UG students" title="NISM and SEBI are organising the National Finance Literacy Quiz (NFLQ) Competition 2025 for PG and UG students" loading="lazy" width="636" height="555" decoding="async" data-nimg="1" style="color:transparent;width:100%;height:auto" sizes="100vw" srcSet="https://nsearchives.nseindia.com//web/banner/2025-03/NFLQwebbanner636X555_20250327180909.jpg?w=640 640w, https://nsearchives.nseindia.com//web/banner/2025-03/NFLQwebbanner636X555_20250327180909.jpg?w=750 750w, https://nsearchives.nseindia.com//web/banner/2025-03/NFLQwebbanner636X555_20250327180909.jpg?w=828 828w, https://nsearchives.nseindia.com//web/banner/2025-03/NFLQwebbanner636X555_20250327180909.jpg?w=1080 1080w, https://nsearchives.nseindia.com//web/banner/2025-03/NFLQwebbanner636X555_20250327180909.jpg?w=1200 1200w, https://nsearchives.nseindia.com//web/banner/2025-03/NFLQwebbanner636X555_20250327180909.jpg?w=1920 1920w, https://nsearchives.nseindia.com//web/banner/2025-03/NFLQwebbanner636X555_20250327180909.jpg?w=2048 2048w, https://nsearchives.nseindia.com//web/banner/2025-03/NFLQwebbanner636X555_20250327180909.jpg?w=3840 3840w" src="https://nsearchives.nseindia.com//web/banner/2025-03/NFLQwebbanner636X555_20250327180909.jpg?w=3840"/></a></div></div></div><div data-index="18" tabindex="-1" class="slick-slide slick-cloned" aria-hidden="true" style="width:4.3478260869565215%"><div><div tabindex="-1" style="width:100%;display:inline-block"><a target="" href=""><img alt="World&#x27;s Largest Derivative Exchange for the 6th Consecutive year in 2024 (Source: FIA)" title="World&#x27;s Largest Derivative Exchange for the 6th Consecutive year in 2024 (Source: FIA)" loading="lazy" width="636" height="555" decoding="async" data-nimg="1" style="color:transparent;width:100%;height:auto" sizes="100vw" srcSet="https://nsearchives.nseindia.com//web/banner/2025-04/New_Web_Banner_636x55506_20250403115620.webp?w=640 640w, https://nsearchives.nseindia.com//web/banner/2025-04/New_Web_Banner_636x55506_20250403115620.webp?w=750 750w, https://nsearchives.nseindia.com//web/banner/2025-04/New_Web_Banner_636x55506_20250403115620.webp?w=828 828w, https://nsearchives.nseindia.com//web/banner/2025-04/New_Web_Banner_636x55506_20250403115620.webp?w=1080 1080w, https://nsearchives.nseindia.com//web/banner/2025-04/New_Web_Banner_636x55506_20250403115620.webp?w=1200 1200w, https://nsearchives.nseindia.com//web/banner/2025-04/New_Web_Banner_636x55506_20250403115620.webp?w=1920 1920w, https://nsearchives.nseindia.com//web/banner/2025-04/New_Web_Banner_636x55506_20250403115620.webp?w=2048 2048w, https://nsearchives.nseindia.com//web/banner/2025-04/New_Web_Banner_636x55506_20250403115620.webp?w=3840 3840w" src="https://nsearchives.nseindia.com//web/banner/2025-04/New_Web_Banner_636x55506_20250403115620.webp?w=3840"/></a></div></div></div><div data-index="19" tabindex="-1" class="slick-slide slick-cloned" aria-hidden="true" style="width:4.3478260869565215%"><div><div tabindex="-1" style="width:100%;display:inline-block"><a target="" href=""><img alt="Ranked 2nd in the world in the Equity Segment by number in trades in 2024 (Source: WFE)" title="Ranked 2nd in the world in the Equity Segment by number in trades in 2024 (Source: WFE)" loading="lazy" width="636" height="555" decoding="async" data-nimg="1" style="color:transparent;width:100%;height:auto" sizes="100vw" srcSet="https://nsearchives.nseindia.com//web/banner/2025-04/New_Web_Banner_636x55507_20250403115714.webp?w=640 640w, https://nsearchives.nseindia.com//web/banner/2025-04/New_Web_Banner_636x55507_20250403115714.webp?w=750 750w, https://nsearchives.nseindia.com//web/banner/2025-04/New_Web_Banner_636x55507_20250403115714.webp?w=828 828w, https://nsearchives.nseindia.com//web/banner/2025-04/New_Web_Banner_636x55507_20250403115714.webp?w=1080 1080w, https://nsearchives.nseindia.com//web/banner/2025-04/New_Web_Banner_636x55507_20250403115714.webp?w=1200 1200w, https://nsearchives.nseindia.com//web/banner/2025-04/New_Web_Banner_636x55507_20250403115714.webp?w=1920 1920w, https://nsearchives.nseindia.com//web/banner/2025-04/New_Web_Banner_636x55507_20250403115714.webp?w=2048 2048w, https://nsearchives.nseindia.com//web/banner/2025-04/New_Web_Banner_636x55507_20250403115714.webp?w=3840 3840w" src="https://nsearchives.nseindia.com//web/banner/2025-04/New_Web_Banner_636x55507_20250403115714.webp?w=3840"/></a></div></div></div><div data-index="20" tabindex="-1" class="slick-slide slick-cloned" aria-hidden="true" style="width:4.3478260869565215%"><div><div tabindex="-1" style="width:100%;display:inline-block"><a target="_blank" href="https://www.nseindia.com/products-services/commodity-derivatives-contract-specification-energy"><img alt="Options on WTI Crude Oil Futures and Natural Gas Futures Contracts" title="Options on WTI Crude Oil Futures and Natural Gas Futures Contracts" loading="lazy" width="636" height="555" decoding="async" data-nimg="1" style="color:transparent;width:100%;height:auto" sizes="100vw" srcSet="https://nsearchives.nseindia.com//web/banner/2025-03/WTI_Final_20250315192208.jpg?w=640 640w, https://nsearchives.nseindia.com//web/banner/2025-03/WTI_Final_20250315192208.jpg?w=750 750w, https://nsearchives.nseindia.com//web/banner/2025-03/WTI_Final_20250315192208.jpg?w=828 828w, https://nsearchives.nseindia.com//web/banner/2025-03/WTI_Final_20250315192208.jpg?w=1080 1080w, https://nsearchives.nseindia.com//web/banner/2025-03/WTI_Final_20250315192208.jpg?w=1200 1200w, https://nsearchives.nseindia.com//web/banner/2025-03/WTI_Final_20250315192208.jpg?w=1920 1920w, https://nsearchives.nseindia.com//web/banner/2025-03/WTI_Final_20250315192208.jpg?w=2048 2048w, https://nsearchives.nseindia.com//web/banner/2025-03/WTI_Final_20250315192208.jpg?w=3840 3840w" src="https://nsearchives.nseindia.com//web/banner/2025-03/WTI_Final_20250315192208.jpg?w=3840"/></a></div></div></div><div data-index="21" tabindex="-1" class="slick-slide slick-cloned" aria-hidden="true" style="width:4.3478260869565215%"><div><div tabindex="-1" style="width:100%;display:inline-block"><a target="_blank" href="https://sice.nism.ac.in/"><img alt="Register now for the online Investor Certification Examination: https://sice.nism.ac.in/" title="Register now for the online Investor Certification Examination: https://sice.nism.ac.in/" loading="lazy" width="636" height="555" decoding="async" data-nimg="1" style="color:transparent;width:100%;height:auto" sizes="100vw" srcSet="https://nsearchives.nseindia.com//web/banner/2025-03/New_Web_Banner_636x55505_20250327150003.webp?w=640 640w, https://nsearchives.nseindia.com//web/banner/2025-03/New_Web_Banner_636x55505_20250327150003.webp?w=750 750w, https://nsearchives.nseindia.com//web/banner/2025-03/New_Web_Banner_636x55505_20250327150003.webp?w=828 828w, https://nsearchives.nseindia.com//web/banner/2025-03/New_Web_Banner_636x55505_20250327150003.webp?w=1080 1080w, https://nsearchives.nseindia.com//web/banner/2025-03/New_Web_Banner_636x55505_20250327150003.webp?w=1200 1200w, https://nsearchives.nseindia.com//web/banner/2025-03/New_Web_Banner_636x55505_20250327150003.webp?w=1920 1920w, https://nsearchives.nseindia.com//web/banner/2025-03/New_Web_Banner_636x55505_20250327150003.webp?w=2048 2048w, https://nsearchives.nseindia.com//web/banner/2025-03/New_Web_Banner_636x55505_20250327150003.webp?w=3840 3840w" src="https://nsearchives.nseindia.com//web/banner/2025-03/New_Web_Banner_636x55505_20250327150003.webp?w=3840"/></a></div></div></div></div></div><ul style="display:block" class="slick-dots"><li class="slick-active"><button>1</button></li><li class=""><button>2</button></li><li class=""><button>3</button></li><li class=""><button>4</button></li><li class=""><button>5</button></li><li class=""><button>6</button></li><li class=""><button>7</button></li><li class=""><button>8</button></li><li class=""><button>9</button></li><li class=""><button>10</button></li><li class=""><button>11</button></li></ul></div><svg aria-hidden="true" focusable="false" data-prefix="fas" data-icon="circle-pause" class="svg-inline--fa fa-circle-pause play_pause_btn" role="img" xmlns="http://www.w3.org/2000/svg" viewBox="0 0 512 512"><path fill="currentColor" d="M256 512A256 256 0 1 0 256 0a256 256 0 1 0 0 512zM224 192l0 128c0 17.7-14.3 32-32 32s-32-14.3-32-32l0-128c0-17.7 14.3-32 32-32s32 14.3 32 32zm128 0l0 128c0 17.7-14.3 32-32 32s-32-14.3-32-32l0-128c0-17.7 14.3-32 32-32s32 14.3 32 32z"></path></svg></div></div></div></div></div><div class="market_section grey_bg padding_top_bottom"><div class="container"><div class="row"><div class="col-xxl-6 col-xl-6 col-lg-6 col-md-12 col-sm-12 col-12"><div class="market_statistics_section"><div class="title-section"><div class="title_text animate__animated animate__fadeInDown">Market Statistics</div><p class="ms_date"></p></div><div class="ms_indicater"><div class="row"><div class="col-xxl-3 col-xl-3 col-lg-3 col-md-3 col-sm-6 col-6"><div class="ms_indicater_box blue_box"><p>Stock Traded</p><h3 class="blue_box_txt"><a class="blue_box_txt" id="" href="/market-data/stocks-traded" title="To view all, click here" target="_blank">-</a></h3></div></div><div class="col-xxl-3 col-xl-3 col-lg-3 col-md-3 col-sm-6 col-6"><div class="ms_indicater_box green_box"><p>Advances</p><h3 class="green_box_txt"><a class="green_box_txt" id="" href="/market-data/advance" title="To view all, click here" target="_blank">-</a></h3></div></div><div class="col-xxl-3 col-xl-3 col-lg-3 col-md-3 col-sm-6 col-6"><div class="ms_indicater_box red_box"><p>Declines</p><h3 class="red_box_txt"><a class="red_box_txt" id="" href="/market-data/decline" title="To view all, click here" target="_blank">-</a></h3></div></div><div class="col-xxl-3 col-xl-3 col-lg-3 col-md-3 col-sm-6 col-6"><div class="ms_indicater_box orange_box"><p>Unchanged</p><h3 class="orange_box_txt"><a class="orange_box_txt" id="" href="/market-data/unchanged" title="To view all, click here" target="_blank">-</a></h3></div></div></div></div><div class="ms-no-stocks"><div class="row"><div class="col-xxl-5 col-xl-5 col-lg-5 col-md-5 col-sm-12 col-12"><div class="row"><div class="col-xxl-6 col-xl-6 col-lg-6 col-md-6 col-sm-6 col-6"><div class="ms-stock-value text-start"><p><span>No. of Stocks at </span>52 Week High</p><h3><a class="week-high" href="/market-data/52-week-high-equity-market" title="To view all, click here" target="_blank"><span class="icon-arrow-up green_arrow"></span> <!-- -->-</a></h3></div></div><div class="col-xxl-6 col-xl-6 col-lg-6 col-md-6 col-sm-6 col-6"><div class="ms-stock-value text-end"><p><span>No. of Stocks at </span>52 Week Low</p><h3><a class="week-low" href="/market-data/52-week-low-equity-market" title="To view all, click here" target="_blank">-<!-- --> <span class="icon-arrow-down red_arrow"></span></a></h3></div></div></div></div><div class="col-xxl-2 col-xl-2 col-lg-2 col-md-2 col-sm-12 col-12"><img alt="NSE logo" loading="lazy" width="88" height="88" decoding="async" data-nimg="1" class="img-fluid ms-nse-logo" style="color:transparent" srcSet="/_next/image?url=%2Fnext-assets%2Fimages%2FGroup-5414.png&amp;w=96&amp;q=75 1x, /_next/image?url=%2Fnext-assets%2Fimages%2FGroup-5414.png&amp;w=256&amp;q=75 2x" src="/_next/image?url=%2Fnext-assets%2Fimages%2FGroup-5414.png&amp;w=256&amp;q=75"/></div><div class="col-xxl-5 col-xl-5 col-lg-5 col-md-5 col-sm-12 col-12"><div class="row"><div class="col-xxl-6 col-xl-6 col-lg-6 col-md-6 col-sm-6 col-6"><div class="ms-stock-value text-start"><p><span>No. of Stocks in </span>Upper Circuit</p><h3 class="green_text ms-stock-ucircuit-value"><a class="green_text" href="/market-data/upper-band-hitters" title="To view all, click here" target="_blank">-</a></h3></div></div><div class="col-xxl-6 col-xl-6 col-lg-6 col-md-6 col-sm-6 col-6"><div class="ms-stock-value text-end"><p><span>No. of Stocks in </span>Lower Circuit</p><h3 class="red_text ms-stock-lcircuit-value"><a class="red_text" href="/market-data/lower-band-hitters" title="To view all, click here" target="_blank">-</a></h3></div></div></div></div></div></div><div class="other-value"><div class="row"><div class="col-xxl-6 col-xl-6 col-lg-6 col-md-6 col-sm-12 col-12"><div class="other-value-details registered-value"><p>Registered Investors</p><h4><a class="text-decoration-none blue_box_txt" href="/registered-investors" title="To view all, click here" target="_blank">0</a></h4></div></div><div class="col-xxl-6 col-xl-6 col-lg-6 col-md-6 col-sm-12 col-12"><div class="other-value-details registered-value"><p>Market Capitalization</p><div class="mkt-cap-value">₹ Lac Crs <!-- -->-<!-- --> | Tn $ <!-- -->-<br/><span>-</span></div></div></div></div></div></div></div><div class="col-xxl-6 col-xl-6 col-lg-6 col-md-12 col-sm-12 col-12 mt-5 mt-lg-0"><div class="market_turnover"><div class="title-section row"><div class="col-xxl-7 col-xl-7 col-lg-8 col-md-7 col-sm-8 col-8"><h4 class="title_text animate__animated animate__fadeInDown float-start">Market Turnover <span class="asOndate"></span></h4></div><div class="col-xxl-5 col-xl-5 col-lg-4 col-md-5 col-sm-4 col-4 text-end"><span class="button-white">View More</span></div></div><div class="table-responsive nse-table-responsive"><table class="table align-middle"><thead class="table-blue"><tr><th class="productHeadTH productHead">PRODUCTS</th><th class="text-end">VOLUME <span class="table_value">(Shares/Contracts)</span></th><th class="text-end">VALUE<span class="table_value">(₹ Crores)</span></th><th class="text-end">OPEN INTEREST <span class="table_value">(Contracts)</span></th><th class="text-end">UPDATED AT</th></tr></thead><tbody><tr><td class="text-center" colSpan="5"><img alt="No Records" loading="lazy" width="100" height="90" decoding="async" data-nimg="1" style="color:transparent" srcSet="/_next/image?url=%2Fnext-assets%2Fimages%2Fnorecord.png&amp;w=128&amp;q=75 1x, /_next/image?url=%2Fnext-assets%2Fimages%2Fnorecord.png&amp;w=256&amp;q=75 2x" src="/_next/image?url=%2Fnext-assets%2Fimages%2Fnorecord.png&amp;w=256&amp;q=75"/></td></tr></tbody></table></div></div></div></div></div></div><div data-group-index="0" class="animated-element " style="min-height:50px"></div><div data-group-index="1" class="animated-element " style="min-height:50px"></div><div data-group-index="2" class="animated-element " style="min-height:50px"></div><div data-group-index="3" class="animated-element " style="min-height:50px"></div><div data-group-index="4" class="animated-element " style="min-height:50px"></div></div><div class="footer-quick-links grey_bg padding_top_bottom"><div class="container"><div class="row"><div class="col-xxl-12 col-xl-12 col-lg-12 col-md-12 col-sm-12 col-12"><div class="title_text animate__animated animate__fadeInDown">Quick Links</div></div></div><div class="quick_links_details"><div class="link_icon"> <span class="subtitle_text animate__animated animate__fadeInDown">Equity</span></div><ul class="quick_list me-2"><li><a href="/market-data/new-stock-exchange-listings-today" target="_blank">Listing</a></li><li><a href="/market-data/all-upcoming-issues-ipo" target="_blank">IPO</a></li><li><a href="/market-data/pre-open-market-cm-and-emerge-market" target="_blank">Pre-Open Market</a></li><li><a href="/market-data/top-gainers-losers" target="_blank">Top 20 Gainers/ Losers</a></li><li><a href="/market-data/52-week-high-equity-market " target="_blank">52 Week High/Low</a></li><li><a href="/market-data/both-band-hitters" target="_blank">Price Band Hitters</a></li><li><a href="/market-data/live-equity-market" target="_blank">Equity Market Watch</a></li><li><a href="/market-data/sme-market" target="_blank">SME Market Watch</a></li><li><a href="/market-data/live-market-indices" target="_blank">Indices Watch</a></li><li><a href="/market-data/exchange-traded-funds-etf" target="_blank">ETF Market Watch</a></li><li><a href="/market-data/bonds-traded-in-capital-market" target="_blank">Debt Market Watch</a></li><li><a href="/market-data/block-deal-watch" target="_blank">Bulk/Block Deals</a></li><li><a href="/market-data/securities-lending-and-borrowing" target="_blank">SLB Market Watch</a></li></ul></div><div class="quick_links_details"><div class="link_icon"> <span class="subtitle_text animate__animated animate__fadeInDown">Derivatives</span></div><ul class="quick_list me-2"><li><a href="/option-chain" target="_blank">Option Chain</a></li><li><a href="/market-data/most-active-contracts" target="_blank">Most Active Contracts</a></li><li><a href="/market-data/most-active-underlying" target="_blank">Most Active Underlying</a></li><li><a href="/market-data/oi-spurts" target="_blank">Change in Open Interest</a></li><li><a href="/market-data/currency-derivatives" target="_blank">Currency Derivatives</a></li><li><a href="/market-data/commodity-derivatives" target="_blank">Commodity Derivatives</a></li><li><a href="/market-data/bond-market-futures" target="_blank">Interest Rate Derivatives</a></li></ul></div><div class="quick_links_details"><div class="link_icon"> <span class="subtitle_text animate__animated animate__fadeInDown">Reports</span></div><ul class="quick_list me-2"><li><a href="/all-reports" target="_blank">Equity Bhavcopy</a></li><li><a href="/all-reports-derivatives#cr_deriv_equity" target="_blank">Equity Derivatives Bhavcopy</a></li><li><a href="/report-detail/eq_security" target="_blank">Security-wise Price Volume</a></li><li><a href="/report-detail/fo_eq_security" target="_blank">Contract-wise Price Volume</a></li><li><a href="/all-reports-derivatives#cr_derv_currency" target="_blank">Currency Derivatives Bhavcopy</a></li><li><a href="/all-reports-derivatives#cr_derv_commodity" target="_blank">Commodity Derivatives Bhavcopy</a></li><li><a href="/reports-indices-historical-index-data" target="_blank">Historical Index Data</a></li><li><a href="/national-stock-exchange/nse-volume-business-growth" target="_blank">Business Growth &amp; Volume</a></li></ul></div><div class="quick_links_details"><div class="link_icon"> <span class="subtitle_text animate__animated animate__fadeInDown">Corporates</span></div><ul class="quick_list me-2"><li><a href="/companies-listing/corporate-filings-announcements" target="_blank">Announcements</a></li><li><a href="/companies-listing/corporate-filings-actions" target="_blank">Corporate Actions</a></li><li><a href="/companies-listing/corporate-filings-financial-results" target="_blank">Financial Results</a></li><li><a href="/companies-listing/corporate-filings-board-meetings" target="_blank">Board Meetings</a></li><li><a href="/companies-listing/corporate-filings-annual-reports" target="_blank">Annual Reports</a></li><li><a href="/companies-listing/corporate-filings-shareholding-pattern" target="_blank">Shareholding Patterns</a></li><li><a href="/companies-listing/corporate-filings-unitholding-pattern" target="_blank">Unitholding Patterns</a></li><li><a href="/companies-listing/corporate-filings-postal-ballot" target="_blank">Shareholder&#x27;s Meetings</a></li><li><a href="/companies-listing/corporate-filings-voting-results" target="_blank">Voting Results</a></li></ul></div><div class="quick_links_details"><div class="link_icon"> <span class="subtitle_text animate__animated animate__fadeInDown">Exchange Communication</span></div><ul class="quick_list me-2"><li><a href="/resources/exchange-communication-circulars" target="_blank">Circulars</a></li><li><a href="/resources/exchange-communication-press-releases" target="_blank">Press Releases</a></li><li><a href="/resources/exchange-communication-holidays" target="_blank">Holidays</a></li><li><a href="/resources/exchange-communication-media-center" target="_blank">Media Center</a></li><li><a href="/learn/interactive-courses" target="_blank">Online Courses</a></li><li><a href="/resources/forms-formats-members" target="_blank">Forms &amp; Formats</a></li><li><a href="/contact/contact-us" target="_blank">Contact Us</a></li></ul></div></div></div><footer class="collapse_footer"><div id="accordion"><div class="card "><div id="collapseOne" class="collapse show" data-bs-parent="#accordion"><div class="container"><div class="card-body padding_top_bottom"><div class="row pb-4"><div class="col-xxl-3 col-xl-3 col-md-3 col-lg-3 col-md-3 col-sm-12 col-12"><div class="footer_link"><ul class="quick_list"><li><a href="/nse-disclaimer"><strong>Disclaimer</strong></a></li><li><a href="/privacy-policy"><strong>Privacy Policy</strong></a></li><li><a href="/nse-terms-of-use"><strong>Terms of Use</strong></a></li><li><a href="/nse-copyright"><strong>Copyright</strong></a></li><li><a href="/feedback/new"><strong>Feedback</strong></a></li><li><a href="/sitemap"><strong>Site Map</strong></a></li><li><a href="/website-policies"><strong>Website Policies</strong></a></li><li><a href="https://inspection.nseindia.com/empanelment_auditor/auditor/auditorRegistration/" target="_blank"><strong>Empanelment of Internal Auditors of Members</strong></a></li><li><a href="https://inspection.nseindia.com/empanelment_auditor/auditor/viewEmpanelledAuditors/" target="_blank"><strong>List of Empaneled Audit Firms</strong></a></li></ul></div></div></div><div class="d-flex justify-content-center pdwnstore"><div class="download-store d-flex py-4 flex-wrap flex-md-nowrap" style="justify-content:space-evenly"><div class="d-flex flex-column text-md-start"><div class="download_app_title">Download NSE App</div><div class="d-flex gap-2 mt-2"><a href="https://apps.apple.com/in/app/nseindia/id6736678487"><img alt="appstore" loading="lazy" width="150" height="45" decoding="async" data-nimg="1" class="imgappstore" style="color:transparent" srcSet="/_next/image?url=%2Fnext-assets%2Fimages%2Fapp-store-badge-en.png&amp;w=256&amp;q=75 1x, /_next/image?url=%2Fnext-assets%2Fimages%2Fapp-store-badge-en.png&amp;w=384&amp;q=75 2x" src="/_next/image?url=%2Fnext-assets%2Fimages%2Fapp-store-badge-en.png&amp;w=384&amp;q=75"/></a><a href="https://play.google.com/store/apps/details?id=com.nse.nseindia"><img alt="playstore" loading="lazy" width="150" height="45" decoding="async" data-nimg="1" class="imgplaystore" style="color:transparent" srcSet="/_next/image?url=%2Fnext-assets%2Fimages%2Fgoogle-play-badge-en.png&amp;w=256&amp;q=75 1x, /_next/image?url=%2Fnext-assets%2Fimages%2Fgoogle-play-badge-en.png&amp;w=384&amp;q=75 2x" src="/_next/image?url=%2Fnext-assets%2Fimages%2Fgoogle-play-badge-en.png&amp;w=384&amp;q=75"/></a></div></div><div class="text-center d-flex align-items-center gap-2"><div class="qr-section d-flex flex-column align-items-start"><div>Scan QR to</div><div>Download App</div></div><div><img alt="qr-code" loading="lazy" width="95" height="95" decoding="async" data-nimg="1" class="img-qr-code" style="color:transparent" src="/next-assets/images/nseqr.svg"/></div></div><div class="d-flex flex-row justify-content-center align-items-center gap-4 flex-wrap"><div class="divider d-none d-md-block"></div><div class="d-flex flex-column align-items-center"><h3 class="subtitle_text">NSE NMFII</h3><div class="d-flex justify-content-center gap-2"><a href="https://itunes.apple.com/us/app/nse-nmf-ii/id1227619380?mt=8"><img alt="apple_icon" loading="lazy" width="50" height="50" decoding="async" data-nimg="1" class="download_icon" style="color:transparent" srcSet="/_next/image?url=%2Fnext-assets%2Fimages%2Fapple.png&amp;w=64&amp;q=75 1x, /_next/image?url=%2Fnext-assets%2Fimages%2Fapple.png&amp;w=128&amp;q=75 2x" src="/_next/image?url=%2Fnext-assets%2Fimages%2Fapple.png&amp;w=128&amp;q=75"/></a><a href="https://play.google.com/store/apps/details?id=coms.nsenmf.nsenmf&amp;hl=en"><img alt="apple_icon" loading="lazy" width="50" height="50" decoding="async" data-nimg="1" class="download_icon" style="color:transparent" srcSet="/_next/image?url=%2Fnext-assets%2Fimages%2Fplaystore.png&amp;w=64&amp;q=75 1x, /_next/image?url=%2Fnext-assets%2Fimages%2Fplaystore.png&amp;w=128&amp;q=75 2x" src="/_next/image?url=%2Fnext-assets%2Fimages%2Fplaystore.png&amp;w=128&amp;q=75"/></a></div></div><div class="divider d-block"></div><div class="d-flex flex-column align-items-start"><h3 class="subtitle_text">NSE GO-BID</h3><a href="https://play.google.com/store/apps/details?id=com.xlx.eipodc"><img alt="apple_icon" loading="lazy" width="50" height="50" decoding="async" data-nimg="1" class="download_icon" style="color:transparent" srcSet="/_next/image?url=%2Fnext-assets%2Fimages%2Fplaystore.png&amp;w=64&amp;q=75 1x, /_next/image?url=%2Fnext-assets%2Fimages%2Fplaystore.png&amp;w=128&amp;q=75 2x" src="/_next/image?url=%2Fnext-assets%2Fimages%2Fplaystore.png&amp;w=128&amp;q=75"/></a></div><div class="divider d-block"></div><div class="d-flex flex-column align-items-start cust_title"><h3 class="subtitle_text">Login to</h3><div class="d-flex align-items-start multi-footer"><a href="https://www.nsenmf.com/" id="empaneled-audit" target="_blank">Mutual Fund</a><a href="https://www.ncfm-india.com/ORE/OREloginPage.jsp" id="empaneled-audit" target="_blank">NCFM</a></div></div></div></div></div></div></div></div><div class="card-header"><div class="container"><div data-bs-toggle="collapse" class="" data-bs-target="#collapseOne"><i class="icon-line-arrow-left arrow_up_footer"></i></div><div class="row"><div class="col-xxl-10 col-xl-10 col-md-10 col-lg-10 col-md-10 col-sm-12 col-12"><div class="copy_right_text"><p><a href="/nse-copyright" target="_blank" class="nse-copyright">Copyright © 2025</a>  National Stock Exchange of India Ltd. All rights reserved. Best viewed in Chrome and 1366 X 768 resolution. Recommended to use latest browser versions.</p></div></div><div class="col-xxl-2 col-xl-2 col-md-2 col-lg-2 col-md-2 col-sm-12 col-12"><div class="social_link float-end"><ul class="list-style"><li><a href="https://www.facebook.com/NationalStockExchange"><i class="icon-facebook"></i><span class="visually-hidden">Facebook Page of National Stock Exchange</span></a></li><li><a href="https://twitter.com/NSEIndia"><i class="icon-twitter"></i><span class="visually-hidden">Twitter Profile of NSEIndia</span></a></li><li><a href="https://in.linkedin.com/company/nseindia"><i class="icon-linkedin"></i><span class="visually-hidden">LinkedIn Profile of NSEIndia</span></a></li><li><a href="https://www.youtube.com/user/NSEIL1india"><i class="icon-youtube"></i><span class="visually-hidden">YouTube Channel of NSEIndia</span></a></li><li><a href="https://www.instagram.com/nseindia"><i class="icon-instagram"></i><span class="visually-hidden">Instagram Profile of NSEIndia</span></a></li><li><a href="https://www.nseindia.com/rss-feed"><i class="icon-rss"></i><span class="visually-hidden">RSS Feed of NSEIndia</span></a></li></ul></div></div></div></div></div></div></div><span class="footer_img"></span></footer><script src="/_next/static/chunks/webpack-652948a5887f5334.js" nonce="MC40ODI3OTkwOTIw" async=""></script><script nonce="MC40ODI3OTkwOTIw">(self.__next_f=self.__next_f||[]).push([0]);self.__next_f.push([2,null])</script><script nonce="MC40ODI3OTkwOTIw">self.__next_f.push([1,"1:HL[\"/_next/static/css/9e82f8ad4598f00b.css\",\"style\"]\n2:HL[\"/_next/static/css/3598f534c4ba590c.css\",\"style\"]\n3:HL[\"/_next/static/css/37fa6aa7d1e49ca3.css\",\"style\"]\n4:HL[\"/_next/static/css/5012eb5309e03a2e.css\",\"style\"]\n5:HL[\"/_next/static/css/4aac873b04bf943b.css\",\"style\"]\n"])</script><script nonce="MC40ODI3OTkwOTIw">self.__next_f.push([1,"6:I[2846,[],\"\"]\n9:I[8003,[\"3676\",\"static/chunks/870fdd6f-44410c7205f00992.js\",\"6990\",\"static/chunks/13b76428-7de9559f29955819.js\",\"1845\",\"static/chunks/ee46dcfd-e002a585dbc97043.js\",\"4762\",\"static/chunks/52271efe-0e24235401e280d0.js\",\"4531\",\"static/chunks/4531-dc3d81228e233e36.js\",\"887\",\"static/chunks/887-269286506ddc5cd8.js\",\"5308\",\"static/chunks/5308-38beac743b5f0639.js\",\"8003\",\"static/chunks/8003-1eb9d4112d403de3.js\",\"9363\",\"static/chunks/9363-d168ff99bd589467.js\",\"6092\",\"static/chunks/6092-73fb079cb2d1df06.js\",\"1931\",\"static/chunks/app/page-311f592295dc4518.js\"],\"\"]\na:I[4573,[\"8003\",\"static/chunks/8003-1eb9d4112d403de3.js\",\"3185\",\"static/chunks/app/layout-c3cc68b6e25c0011.js\"],\"ExternalLinkHandler\"]\nb:I[2822,[\"8003\",\"static/chunks/8003-1eb9d4112d403de3.js\",\"3185\",\"static/chunks/app/layout-c3cc68b6e25c0011.js\"],\"StreamingProvider\"]\nc:I[4707,[],\"\"]\nd:I[6423,[],\"\"]\n10:I[1060,[],\"\"]\n11:[]\n"])</script><script nonce="MC40ODI3OTkwOTIw">self.__next_f.push([1,"0:[\"$\",\"$L6\",null,{\"buildId\":\"D_eRBKpq7_xYoGGs62e1J\",\"assetPrefix\":\"\",\"urlParts\":[\"\",\"\"],\"initialTree\":[\"\",{\"children\":[\"__PAGE__\",{}]},\"$undefined\",\"$undefined\",true],\"initialSeedData\":[\"\",{\"children\":[\"__PAGE__\",{},[[\"$L7\",\"$L8\",[[\"$\",\"link\",\"0\",{\"rel\":\"stylesheet\",\"href\":\"/_next/static/css/4aac873b04bf943b.css\",\"precedence\":\"next\",\"crossOrigin\":\"$undefined\"}]]],null],null]},[[[[\"$\",\"link\",\"0\",{\"rel\":\"stylesheet\",\"href\":\"/_next/static/css/9e82f8ad4598f00b.css\",\"precedence\":\"next\",\"crossOrigin\":\"$undefined\"}],[\"$\",\"link\",\"1\",{\"rel\":\"stylesheet\",\"href\":\"/_next/static/css/3598f534c4ba590c.css\",\"precedence\":\"next\",\"crossOrigin\":\"$undefined\"}],[\"$\",\"link\",\"2\",{\"rel\":\"stylesheet\",\"href\":\"/_next/static/css/37fa6aa7d1e49ca3.css\",\"precedence\":\"next\",\"crossOrigin\":\"$undefined\"}],[\"$\",\"link\",\"3\",{\"rel\":\"stylesheet\",\"href\":\"/_next/static/css/5012eb5309e03a2e.css\",\"precedence\":\"next\",\"crossOrigin\":\"$undefined\"}]],[\"$\",\"html\",null,{\"lang\":\"en\",\"children\":[[\"$\",\"head\",null,{\"children\":[[\"$\",\"script\",null,{\"type\":\"text/javascript\",\"src\":\"/next-assets/javascript/bootstrap.bundle.min.js\",\"defer\":true}],[[\"$\",\"meta\",null,{\"name\":\"viewport\",\"content\":\"width=device-width, initial-scale=1\"}],[\"$\",\"meta\",null,{\"name\":\"keywords\",\"content\":\"NSE, National Stock Exchange, NSE India, Stock Exchange in India, stock exchange, share markets, stock markets, currency market, currency exchange, interest rate, live stock market, share market in india, share market news, live charts, analysis, IPO, stock/share tips, indices, equity market, currency market, commodity market, derivatives, finance, budget, mutual fund, bond, corporate announcements, NSEindia.com\"}],[\"$\",\"meta\",null,{\"property\":\"og:title\",\"content\":\"NSE - National Stock Exchange of India Ltd\"}],[\"$\",\"meta\",null,{\"property\":\"og:description\",\"content\":\"NSE India (National Stock Exchange of India Ltd) – LIVE Share/Stock Market Updates Today. Get all latest share market news, live charts, analysis, IPO, stock/share tips, indices, equity, currency and commodity market, derivatives, finance, budget, mutual fund, bond, and corporate announcements more on NSEindia.com.\"}],[\"$\",\"meta\",null,{\"property\":\"og:image\",\"content\":\"https://www.nseindia.com/assets/images/nse-thumbnail.jpg\"}],[\"$\",\"meta\",null,{\"property\":\"og:url\",\"content\":\"https://www.nseindia.com\"}],[\"$\",\"meta\",null,{\"property\":\"og:site_name\",\"content\":\"NSE India\"}],[\"$\",\"meta\",null,{\"property\":\"og:locale\",\"content\":\"en_US\"}],[\"$\",\"meta\",null,{\"property\":\"og:type\",\"content\":\"website\"}],[\"$\",\"meta\",null,{\"property\":\"og:image:width\",\"content\":\"1084\"}],[\"$\",\"meta\",null,{\"property\":\"og:image:height\",\"content\":\"492\"}],[\"$\",\"meta\",null,{\"name\":\"twitter:card\",\"content\":\"summary\"}],[\"$\",\"meta\",null,{\"name\":\"twitter:title\",\"content\":\"NSE - National Stock Exchange of India Ltd\"}],[\"$\",\"meta\",null,{\"name\":\"twitter:description\",\"content\":\"NSE India (National Stock Exchange of India Ltd) – LIVE Share/Stock Market Updates Today. Get all latest share market news, live charts, analysis, IPO, stock/share tips, indices, equity, currency and commodity market, derivatives, finance, budget, mutual fund, bond, and corporate announcements more on NSEindia.com.\"}],[\"$\",\"meta\",null,{\"name\":\"twitter:image\",\"content\":\"https://www.nseindia.com/assets/images/nse-thumbnail.jpg\"}],[\"$\",\"meta\",null,{\"name\":\"twitter:domain\",\"content\":\"NSE India\"}],[\"$\",\"meta\",null,{\"property\":\"twitter:site\",\"content\":\"@NSEIndia\"}],[\"$\",\"meta\",null,{\"itemProp\":\"name\",\"content\":\"NSE - National Stock Exchange of India Ltd\"}],[\"$\",\"meta\",null,{\"itemProp\":\"description\",\"content\":\"NSE India (National Stock Exchange of India Ltd) – LIVE Share/Stock Market Updates Today. Get all latest share market news, live charts, analysis, IPO, stock/share tips, indices, equity, currency and commodity market, derivatives, finance, budget, mutual fund, bond, and corporate announcements more on NSEindia.com.\"}],[\"$\",\"meta\",null,{\"itemProp\":\"image\",\"content\":\"https://static.nseindia.com/nse-india.png\"}],[\"$\",\"meta\",null,{\"property\":\"fb:app_id\",\"content\":\"XXX\"}],[\"$\",\"meta\",null,{\"name\":\"author\",\"content\":\"NSE India\"}],[\"$\",\"meta\",null,{\"name\":\"apple-itunes-app\",\"content\":\"app-id=XXX\"}],[\"$\",\"meta\",null,{\"name\":\"google-play-app\",\"content\":\"app-id=XXX\"}],[\"$\",\"meta\",null,{\"name\":\"msApplication-ID\",\"content\":\"App\"}],[\"$\",\"meta\",null,{\"name\":\"msApplication-PackageFamilyName\",\"content\":\"XXX\"}],[\"$\",\"meta\",null,{\"name\":\"msapplication-TileImage\",\"content\":\"XXX\"}],[\"$\",\"meta\",null,{\"name\":\"HandheldFriendly\",\"content\":\"true\"}],[\"$\",\"meta\",null,{\"httpEquiv\":\"content-language\",\"content\":\"en-in\"}],[\"$\",\"meta\",null,{\"name\":\"geo.position\",\"content\":\"19.0705638;72.8556971\"}],[\"$\",\"meta\",null,{\"name\":\"geo.placename\",\"content\":\"Mumbai\"}],[\"$\",\"meta\",null,{\"name\":\"geo.region\",\"content\":\"IN-MH\"}],[\"$\",\"meta\",null,{\"name\":\"ahrefs-site-verification\",\"content\":\"7864f660fc98a53e5653b37c31643652415febf5b2a3fd9813c79c27e0c7bb7f\"}],[\"$\",\"meta\",null,{\"name\":\"google-site-verification\",\"content\":\"ozKdXdMsYpDsSgPpIM8Tc-uhBk-b_Sd1TEr6s6SZYHk\"}],[\"$\",\"link\",null,{\"rel\":\"canonical\",\"href\":\"https://www.nseindia.com\"}],[\"$\",\"link\",null,{\"rel\":\"alternate\",\"href\":\"android-app:// XXX\"}],[\"$\",\"link\",null,{\"rel\":\"alternate\",\"hrefLang\":\"x-default\",\"href\":\"https://www.nseindia.com\"}],[\"$\",\"link\",null,{\"rel\":\"alternate\",\"hrefLang\":\"en\",\"href\":\"https://www.nseindia.com\"}],[\"$\",\"link\",null,{\"rel\":\"alternate\",\"hrefLang\":\"hi\",\"href\":\"https://www.nseindia.com/hindi\"}],[\"$\",\"link\",null,{\"rel\":\"alternate\",\"hrefLang\":\"mr\",\"href\":\"https://www.nseindia.com/marathi\"}],[\"$\",\"link\",null,{\"rel\":\"alternate\",\"hrefLang\":\"gu\",\"href\":\"https://www.nseindia.com/gujarati\"}],[\"$\",\"link\",null,{\"rel\":\"alternate\",\"hrefLang\":\"bn\",\"href\":\"https://www.nseindia.com/bengali\"}],[\"$\",\"link\",null,{\"rel\":\"alternate\",\"hrefLang\":\"ta\",\"href\":\"https://www.nseindia.com/tamil\"}],[\"$\",\"link\",null,{\"rel\":\"alternate\",\"hrefLang\":\"kn\",\"href\":\"https://www.nseindia.com/kannada\"}],[\"$\",\"link\",null,{\"rel\":\"alternate\",\"hrefLang\":\"te\",\"href\":\"https://www.nseindia.com/telugu\"}],[\"$\",\"link\",null,{\"rel\":\"alternate\",\"hrefLang\":\"pa\",\"href\":\"https://www.nseindia.com/punjabi\"}],[\"$\",\"link\",null,{\"rel\":\"alternate\",\"hrefLang\":\"ml\",\"href\":\"https://www.nseindia.com/malayalam\"}],[\"$\",\"link\",null,{\"rel\":\"alternate\",\"hrefLang\":\"or\",\"href\":\"https://www.nseindia.com/oriya\"}],[\"$\",\"link\",null,{\"rel\":\"alternate\",\"hrefLang\":\"as\",\"href\":\"https://www.nseindia.com/assamese\"}],[\"$\",\"link\",null,{\"rel\":\"alternate\",\"hrefLang\":\"ur\",\"href\":\"https://www.nseindia.com/urdu\"}],[\"$\",\"meta\",null,{\"name\":\"google-site-verification\",\"content\":\"googleb59f7c7ef5eafee6.html\"}],[\"$\",\"meta\",null,{\"name\":\"google-site-verification\",\"content\":\"a0SXQajMAfYycXFa2lONpspBidYBMtD9dTxm_6m9rbw\"}]],[\"$\",\"$L9\",null,{\"id\":\"next-runtime\",\"strategy\":\"beforeInteractive\",\"nonce\":\"MC40ODI3OTkwOTIw\"}],[\"$\",\"$L9\",null,{\"id\":\"next-hydration\",\"strategy\":\"afterInteractive\",\"nonce\":\"MC40ODI3OTkwOTIw\"}],[\"$\",\"$L9\",null,{\"src\":\"https://www.googletagmanager.com/gtag/js?id='G-87M7PJ3R97\",\"nonce\":\"MC40ODI3OTkwOTIw\"}],[\"$\",\"$L9\",null,{\"id\":\"google-analytics\",\"strategy\":\"afterInteractive\",\"nonce\":\"MC40ODI3OTkwOTIw\",\"children\":\"\\n          window.dataLayer = window.dataLayer || [];\\n          function gtag(){window.dataLayer.push(arguments);}\\n          gtag('js', new Date());\\n          gtag('config', 'G-87M7PJ3R97');\\n        \"}]]}],[\"$\",\"body\",null,{\"id\":\"layout\",\"className\":\"\",\"children\":[[\"$\",\"$La\",null,{}],[\"$\",\"$Lb\",null,{\"children\":[\"$\",\"$Lc\",null,{\"parallelRouterKey\":\"children\",\"segmentPath\":[\"children\"],\"error\":\"$undefined\",\"errorStyles\":\"$undefined\",\"errorScripts\":\"$undefined\",\"template\":[\"$\",\"$Ld\",null,{}],\"templateStyles\":\"$undefined\",\"templateScripts\":\"$undefined\",\"notFound\":\"$Le\",\"notFoundStyles\":[[\"$\",\"link\",\"0\",{\"rel\":\"stylesheet\",\"href\":\"/_next/static/css/4aac873b04bf943b.css\",\"precedence\":\"next\",\"crossOrigin\":\"$undefined\"}]]}]}]]}]]}]],null],null],\"couldBeIntercepted\":false,\"initialHead\":[null,\"$Lf\"],\"globalErrorComponent\":\"$10\",\"missingSlots\":\"$W11\"}]\n"])</script><script nonce="MC40ODI3OTkwOTIw">self.__next_f.push([1,"f:[[\"$\",\"meta\",\"0\",{\"name\":\"viewport\",\"content\":\"width=device-width, initial-scale=1\"}],[\"$\",\"meta\",\"1\",{\"charSet\":\"utf-8\"}],[\"$\",\"title\",\"2\",{\"children\":\"NSE - National Stock Exchange of India Ltd: Live Share/Stock Market News \u0026amp; Updates, Quotes- Nseindia.com\"}],[\"$\",\"meta\",\"3\",{\"name\":\"description\",\"content\":\"NSE India (National Stock Exchange of India Ltd) – LIVE Share/Stock Market Updates Today. Get all latest share market news, live charts, analysis, ipo, stock/share tips, indices, equity, currency and commodity market, derivatives, finance, budget, mutual fund, bond and corporate announcements more on NSEindia.com.\"}],[\"$\",\"link\",\"4\",{\"rel\":\"icon\",\"href\":\"/favicon.ico\",\"type\":\"image/x-icon\",\"sizes\":\"16x16\"}]]\n7:null\n"])</script><script nonce="MC40ODI3OTkwOTIw">self.__next_f.push([1,"12:I[7693,[\"3676\",\"static/chunks/870fdd6f-44410c7205f00992.js\",\"6990\",\"static/chunks/13b76428-7de9559f29955819.js\",\"1845\",\"static/chunks/ee46dcfd-e002a585dbc97043.js\",\"4762\",\"static/chunks/52271efe-0e24235401e280d0.js\",\"4531\",\"static/chunks/4531-dc3d81228e233e36.js\",\"887\",\"static/chunks/887-269286506ddc5cd8.js\",\"5308\",\"static/chunks/5308-38beac743b5f0639.js\",\"8003\",\"static/chunks/8003-1eb9d4112d403de3.js\",\"9363\",\"static/chunks/9363-d168ff99bd589467.js\",\"6092\",\"static/chunks/6092-73fb079cb2d1df06.js\",\"1931\",\"static/chunks/app/page-311f592295dc4518.js\"],\"ThemeProvider\"]\n13:I[8643,[\"3676\",\"static/chunks/870fdd6f-44410c7205f00992.js\",\"6990\",\"static/chunks/13b76428-7de9559f29955819.js\",\"1845\",\"static/chunks/ee46dcfd-e002a585dbc97043.js\",\"4762\",\"static/chunks/52271efe-0e24235401e280d0.js\",\"4531\",\"static/chunks/4531-dc3d81228e233e36.js\",\"887\",\"static/chunks/887-269286506ddc5cd8.js\",\"5308\",\"static/chunks/5308-38beac743b5f0639.js\",\"8003\",\"static/chunks/8003-1eb9d4112d403de3.js\",\"9363\",\"static/chunks/9363-d168ff99bd589467.js\",\"6092\",\"static/chunks/6092-73fb079cb2d1df06.js\",\"1931\",\"static/chunks/app/page-311f592295dc4518.js\"],\"default\"]\n14:I[6234,[\"3676\",\"static/chunks/870fdd6f-44410c7205f00992.js\",\"6990\",\"static/chunks/13b76428-7de9559f29955819.js\",\"1845\",\"static/chunks/ee46dcfd-e002a585dbc97043.js\",\"4762\",\"static/chunks/52271efe-0e24235401e280d0.js\",\"4531\",\"static/chunks/4531-dc3d81228e233e36.js\",\"887\",\"static/chunks/887-269286506ddc5cd8.js\",\"5308\",\"static/chunks/5308-38beac743b5f0639.js\",\"8003\",\"static/chunks/8003-1eb9d4112d403de3.js\",\"9363\",\"static/chunks/9363-d168ff99bd589467.js\",\"6092\",\"static/chunks/6092-73fb079cb2d1df06.js\",\"1931\",\"static/chunks/app/page-311f592295dc4518.js\"],\"default\"]\n17:I[3775,[\"3676\",\"static/chunks/870fdd6f-44410c7205f00992.js\",\"6990\",\"static/chunks/13b76428-7de9559f29955819.js\",\"1845\",\"static/chunks/ee46dcfd-e002a585dbc97043.js\",\"4762\",\"static/chunks/52271efe-0e24235401e280d0.js\",\"4531\",\"static/chunks/4531-dc3d81228e233e36.js\",\"887\",\"static/chunks/887-269286506ddc5cd8.js\",\"5308\",\"static/chunks/"])</script><script nonce="MC40ODI3OTkwOTIw">self.__next_f.push([1,"5308-38beac743b5f0639.js\",\"8003\",\"static/chunks/8003-1eb9d4112d403de3.js\",\"9363\",\"static/chunks/9363-d168ff99bd589467.js\",\"6092\",\"static/chunks/6092-73fb079cb2d1df06.js\",\"1931\",\"static/chunks/app/page-311f592295dc4518.js\"],\"default\"]\n18:I[5879,[\"3676\",\"static/chunks/870fdd6f-44410c7205f00992.js\",\"6990\",\"static/chunks/13b76428-7de9559f29955819.js\",\"1845\",\"static/chunks/ee46dcfd-e002a585dbc97043.js\",\"4762\",\"static/chunks/52271efe-0e24235401e280d0.js\",\"4531\",\"static/chunks/4531-dc3d81228e233e36.js\",\"887\",\"static/chunks/887-269286506ddc5cd8.js\",\"5308\",\"static/chunks/5308-38beac743b5f0639.js\",\"8003\",\"static/chunks/8003-1eb9d4112d403de3.js\",\"9363\",\"static/chunks/9363-d168ff99bd589467.js\",\"6092\",\"static/chunks/6092-73fb079cb2d1df06.js\",\"1931\",\"static/chunks/app/page-311f592295dc4518.js\"],\"default\"]\n"])</script><script nonce="MC40ODI3OTkwOTIw">self.__next_f.push([1,"8:[\"$\",\"$L12\",null,{\"children\":[[\"$\",\"header\",null,{\"className\":\"fixed_top\",\"children\":[[\"$\",\"$L13\",null,{}],[\"$\",\"$L14\",null,{}],\"$L15\"]}],[\"$\",\"div\",null,{\"id\":\"midBody\",\"className\":\"mid-body-indi\",\"children\":[\"$L16\",[\"$\",\"$L17\",null,{}]]}],[\"$\",\"div\",null,{\"className\":\"footer-quick-links grey_bg padding_top_bottom\",\"children\":[\"$\",\"div\",null,{\"className\":\"container\",\"children\":[[\"$\",\"div\",null,{\"className\":\"row\",\"children\":[\"$\",\"div\",null,{\"className\":\"col-xxl-12 col-xl-12 col-lg-12 col-md-12 col-sm-12 col-12\",\"children\":[\"$\",\"div\",null,{\"className\":\"title_text animate__animated animate__fadeInDown\",\"children\":\"Quick Links\"}]}]}],[[\"$\",\"div\",\"Equity\",{\"className\":\"quick_links_details\",\"children\":[[\"$\",\"div\",null,{\"className\":\"link_icon\",\"children\":[\" \",[\"$\",\"span\",null,{\"className\":\"subtitle_text animate__animated animate__fadeInDown\",\"children\":\"Equity\"}]]}],[\"$\",\"ul\",null,{\"className\":\"quick_list me-2\",\"children\":[[\"$\",\"li\",\"Listing\",{\"children\":[\"$\",\"a\",null,{\"href\":\"/market-data/new-stock-exchange-listings-today\",\"target\":\"_blank\",\"children\":\"Listing\"}]}],[\"$\",\"li\",\"IPO\",{\"children\":[\"$\",\"a\",null,{\"href\":\"/market-data/all-upcoming-issues-ipo\",\"target\":\"_blank\",\"children\":\"IPO\"}]}],[\"$\",\"li\",\"Pre-Open Market\",{\"children\":[\"$\",\"a\",null,{\"href\":\"/market-data/pre-open-market-cm-and-emerge-market\",\"target\":\"_blank\",\"children\":\"Pre-Open Market\"}]}],[\"$\",\"li\",\"Top 20 Gainers/ Losers\",{\"children\":[\"$\",\"a\",null,{\"href\":\"/market-data/top-gainers-losers\",\"target\":\"_blank\",\"children\":\"Top 20 Gainers/ Losers\"}]}],[\"$\",\"li\",\"52 Week High/Low\",{\"children\":[\"$\",\"a\",null,{\"href\":\"/market-data/52-week-high-equity-market \",\"target\":\"_blank\",\"children\":\"52 Week High/Low\"}]}],[\"$\",\"li\",\"Price Band Hitters\",{\"children\":[\"$\",\"a\",null,{\"href\":\"/market-data/both-band-hitters\",\"target\":\"_blank\",\"children\":\"Price Band Hitters\"}]}],[\"$\",\"li\",\"Equity Market Watch\",{\"children\":[\"$\",\"a\",null,{\"href\":\"/market-data/live-equity-market\",\"target\":\"_blank\",\"children\":\"Equity Market Watch\"}]}],[\"$\",\"li\",\"SME Market Watch\",{\"children\":[\"$\",\"a\",null,{\"href\":\"/market-data/sme-market\",\"target\":\"_blank\",\"children\":\"SME Market Watch\"}]}],[\"$\",\"li\",\"Indices Watch\",{\"children\":[\"$\",\"a\",null,{\"href\":\"/market-data/live-market-indices\",\"target\":\"_blank\",\"children\":\"Indices Watch\"}]}],[\"$\",\"li\",\"ETF Market Watch\",{\"children\":[\"$\",\"a\",null,{\"href\":\"/market-data/exchange-traded-funds-etf\",\"target\":\"_blank\",\"children\":\"ETF Market Watch\"}]}],[\"$\",\"li\",\"Debt Market Watch\",{\"children\":[\"$\",\"a\",null,{\"href\":\"/market-data/bonds-traded-in-capital-market\",\"target\":\"_blank\",\"children\":\"Debt Market Watch\"}]}],[\"$\",\"li\",\"Bulk/Block Deals\",{\"children\":[\"$\",\"a\",null,{\"href\":\"/market-data/block-deal-watch\",\"target\":\"_blank\",\"children\":\"Bulk/Block Deals\"}]}],[\"$\",\"li\",\"SLB Market Watch\",{\"children\":[\"$\",\"a\",null,{\"href\":\"/market-data/securities-lending-and-borrowing\",\"target\":\"_blank\",\"children\":\"SLB Market Watch\"}]}]]}]]}],[\"$\",\"div\",\"Derivatives\",{\"className\":\"quick_links_details\",\"children\":[[\"$\",\"div\",null,{\"className\":\"link_icon\",\"children\":[\" \",[\"$\",\"span\",null,{\"className\":\"subtitle_text animate__animated animate__fadeInDown\",\"children\":\"Derivatives\"}]]}],[\"$\",\"ul\",null,{\"className\":\"quick_list me-2\",\"children\":[[\"$\",\"li\",\"Option Chain\",{\"children\":[\"$\",\"a\",null,{\"href\":\"/option-chain\",\"target\":\"_blank\",\"children\":\"Option Chain\"}]}],[\"$\",\"li\",\"Most Active Contracts\",{\"children\":[\"$\",\"a\",null,{\"href\":\"/market-data/most-active-contracts\",\"target\":\"_blank\",\"children\":\"Most Active Contracts\"}]}],[\"$\",\"li\",\"Most Active Underlying\",{\"children\":[\"$\",\"a\",null,{\"href\":\"/market-data/most-active-underlying\",\"target\":\"_blank\",\"children\":\"Most Active Underlying\"}]}],[\"$\",\"li\",\"Change in Open Interest\",{\"children\":[\"$\",\"a\",null,{\"href\":\"/market-data/oi-spurts\",\"target\":\"_blank\",\"children\":\"Change in Open Interest\"}]}],[\"$\",\"li\",\"Currency Derivatives\",{\"children\":[\"$\",\"a\",null,{\"href\":\"/market-data/currency-derivatives\",\"target\":\"_blank\",\"children\":\"Currency Derivatives\"}]}],[\"$\",\"li\",\"Commodity Derivatives\",{\"children\":[\"$\",\"a\",null,{\"href\":\"/market-data/commodity-derivatives\",\"target\":\"_blank\",\"children\":\"Commodity Derivatives\"}]}],[\"$\",\"li\",\"Interest Rate Derivatives\",{\"children\":[\"$\",\"a\",null,{\"href\":\"/market-data/bond-market-futures\",\"target\":\"_blank\",\"children\":\"Interest Rate Derivatives\"}]}]]}]]}],[\"$\",\"div\",\"Reports\",{\"className\":\"quick_links_details\",\"children\":[[\"$\",\"div\",null,{\"className\":\"link_icon\",\"children\":[\" \",[\"$\",\"span\",null,{\"className\":\"subtitle_text animate__animated animate__fadeInDown\",\"children\":\"Reports\"}]]}],[\"$\",\"ul\",null,{\"className\":\"quick_list me-2\",\"children\":[[\"$\",\"li\",\"Equity Bhavcopy\",{\"children\":[\"$\",\"a\",null,{\"href\":\"/all-reports\",\"target\":\"_blank\",\"children\":\"Equity Bhavcopy\"}]}],[\"$\",\"li\",\"Equity Derivatives Bhavcopy\",{\"children\":[\"$\",\"a\",null,{\"href\":\"/all-reports-derivatives#cr_deriv_equity\",\"target\":\"_blank\",\"children\":\"Equity Derivatives Bhavcopy\"}]}],[\"$\",\"li\",\"Security-wise Price Volume\",{\"children\":[\"$\",\"a\",null,{\"href\":\"/report-detail/eq_security\",\"target\":\"_blank\",\"children\":\"Security-wise Price Volume\"}]}],[\"$\",\"li\",\"Contract-wise Price Volume\",{\"children\":[\"$\",\"a\",null,{\"href\":\"/report-detail/fo_eq_security\",\"target\":\"_blank\",\"children\":\"Contract-wise Price Volume\"}]}],[\"$\",\"li\",\"Currency Derivatives Bhavcopy\",{\"children\":[\"$\",\"a\",null,{\"href\":\"/all-reports-derivatives#cr_derv_currency\",\"target\":\"_blank\",\"children\":\"Currency Derivatives Bhavcopy\"}]}],[\"$\",\"li\",\"Commodity Derivatives Bhavcopy\",{\"children\":[\"$\",\"a\",null,{\"href\":\"/all-reports-derivatives#cr_derv_commodity\",\"target\":\"_blank\",\"children\":\"Commodity Derivatives Bhavcopy\"}]}],[\"$\",\"li\",\"Historical Index Data\",{\"children\":[\"$\",\"a\",null,{\"href\":\"/reports-indices-historical-index-data\",\"target\":\"_blank\",\"children\":\"Historical Index Data\"}]}],[\"$\",\"li\",\"Business Growth \u0026 Volume\",{\"children\":[\"$\",\"a\",null,{\"href\":\"/national-stock-exchange/nse-volume-business-growth\",\"target\":\"_blank\",\"children\":\"Business Growth \u0026 Volume\"}]}]]}]]}],[\"$\",\"div\",\"Corporates\",{\"className\":\"quick_links_details\",\"children\":[[\"$\",\"div\",null,{\"className\":\"link_icon\",\"children\":[\" \",[\"$\",\"span\",null,{\"className\":\"subtitle_text animate__animated animate__fadeInDown\",\"children\":\"Corporates\"}]]}],[\"$\",\"ul\",null,{\"className\":\"quick_list me-2\",\"children\":[[\"$\",\"li\",\"Announcements\",{\"children\":[\"$\",\"a\",null,{\"href\":\"/companies-listing/corporate-filings-announcements\",\"target\":\"_blank\",\"children\":\"Announcements\"}]}],[\"$\",\"li\",\"Corporate Actions\",{\"children\":[\"$\",\"a\",null,{\"href\":\"/companies-listing/corporate-filings-actions\",\"target\":\"_blank\",\"children\":\"Corporate Actions\"}]}],[\"$\",\"li\",\"Financial Results\",{\"children\":[\"$\",\"a\",null,{\"href\":\"/companies-listing/corporate-filings-financial-results\",\"target\":\"_blank\",\"children\":\"Financial Results\"}]}],[\"$\",\"li\",\"Board Meetings\",{\"children\":[\"$\",\"a\",null,{\"href\":\"/companies-listing/corporate-filings-board-meetings\",\"target\":\"_blank\",\"children\":\"Board Meetings\"}]}],[\"$\",\"li\",\"Annual Reports\",{\"children\":[\"$\",\"a\",null,{\"href\":\"/companies-listing/corporate-filings-annual-reports\",\"target\":\"_blank\",\"children\":\"Annual Reports\"}]}],[\"$\",\"li\",\"Shareholding Patterns\",{\"children\":[\"$\",\"a\",null,{\"href\":\"/companies-listing/corporate-filings-shareholding-pattern\",\"target\":\"_blank\",\"children\":\"Shareholding Patterns\"}]}],[\"$\",\"li\",\"Unitholding Patterns\",{\"children\":[\"$\",\"a\",null,{\"href\":\"/companies-listing/corporate-filings-unitholding-pattern\",\"target\":\"_blank\",\"children\":\"Unitholding Patterns\"}]}],[\"$\",\"li\",\"Shareholder's Meetings\",{\"children\":[\"$\",\"a\",null,{\"href\":\"/companies-listing/corporate-filings-postal-ballot\",\"target\":\"_blank\",\"children\":\"Shareholder's Meetings\"}]}],[\"$\",\"li\",\"Voting Results\",{\"children\":[\"$\",\"a\",null,{\"href\":\"/companies-listing/corporate-filings-voting-results\",\"target\":\"_blank\",\"children\":\"Voting Results\"}]}]]}]]}],[\"$\",\"div\",\"Exchange Communication\",{\"className\":\"quick_links_details\",\"children\":[[\"$\",\"div\",null,{\"className\":\"link_icon\",\"children\":[\" \",[\"$\",\"span\",null,{\"className\":\"subtitle_text animate__animated animate__fadeInDown\",\"children\":\"Exchange Communication\"}]]}],[\"$\",\"ul\",null,{\"className\":\"quick_list me-2\",\"children\":[[\"$\",\"li\",\"Circulars\",{\"children\":[\"$\",\"a\",null,{\"href\":\"/resources/exchange-communication-circulars\",\"target\":\"_blank\",\"children\":\"Circulars\"}]}],[\"$\",\"li\",\"Press Releases\",{\"children\":[\"$\",\"a\",null,{\"href\":\"/resources/exchange-communication-press-releases\",\"target\":\"_blank\",\"children\":\"Press Releases\"}]}],[\"$\",\"li\",\"Holidays\",{\"children\":[\"$\",\"a\",null,{\"href\":\"/resources/exchange-communication-holidays\",\"target\":\"_blank\",\"children\":\"Holidays\"}]}],[\"$\",\"li\",\"Media Center\",{\"children\":[\"$\",\"a\",null,{\"href\":\"/resources/exchange-communication-media-center\",\"target\":\"_blank\",\"children\":\"Media Center\"}]}],[\"$\",\"li\",\"Online Courses\",{\"children\":[\"$\",\"a\",null,{\"href\":\"/learn/interactive-courses\",\"target\":\"_blank\",\"children\":\"Online Courses\"}]}],[\"$\",\"li\",\"Forms \u0026 Formats\",{\"children\":[\"$\",\"a\",null,{\"href\":\"/resources/forms-formats-members\",\"target\":\"_blank\",\"children\":\"Forms \u0026 Formats\"}]}],[\"$\",\"li\",\"Contact Us\",{\"children\":[\"$\",\"a\",null,{\"href\":\"/contact/contact-us\",\"target\":\"_blank\",\"children\":\"Contact Us\"}]}]]}]]}]]]}]}],[\"$\",\"$L18\",null,{}]]}]\n"])</script><script nonce="MC40ODI3OTkwOTIw">self.__next_f.push([1,"e:[\"$\",\"$L12\",null,{\"children\":[[\"$\",\"header\",null,{\"className\":\"fixed_top\",\"children\":[\"$undefined\",[\"$\",\"$L14\",null,{}],\"$L19\"]}],[\"$\",\"div\",null,{\"id\":\"midBody\",\"className\":\"mid-body-indi\",\"children\":[\"$\",\"div\",null,{\"className\":\"errorContainer\",\"children\":[[\"$\",\"h2\",null,{\"children\":\"4\"}],[\"$\",\"img\",null,{\"src\":\"/next-assets/images/error-logo.png\",\"alt\":\"not-found\"}],[\"$\",\"h2\",null,{\"children\":\"4\"}],[\"$\",\"p\",null,{\"children\":\"The Page you are trying to access does not appear to exist.\"}],[\"$\",\"div\",null,{\"className\":\"gotoHome\",\"children\":[\"$\",\"a\",null,{\"className\":\"btn btn-common\",\"href\":\"/\",\"children\":\"Go to Homepage\"}]}]]}]}],[\"$\",\"div\",null,{\"className\":\"footer-quick-links grey_bg padding_top_bottom\",\"children\":[\"$\",\"div\",null,{\"className\":\"container\",\"children\":[[\"$\",\"div\",null,{\"className\":\"row\",\"children\":[\"$\",\"div\",null,{\"className\":\"col-xxl-12 col-xl-12 col-lg-12 col-md-12 col-sm-12 col-12\",\"children\":[\"$\",\"div\",null,{\"className\":\"title_text animate__animated animate__fadeInDown\",\"children\":\"Quick Links\"}]}]}],[[\"$\",\"div\",\"Equity\",{\"className\":\"quick_links_details\",\"children\":[[\"$\",\"div\",null,{\"className\":\"link_icon\",\"children\":[\" \",[\"$\",\"span\",null,{\"className\":\"subtitle_text animate__animated animate__fadeInDown\",\"children\":\"Equity\"}]]}],[\"$\",\"ul\",null,{\"className\":\"quick_list me-2\",\"children\":[[\"$\",\"li\",\"Listing\",{\"children\":[\"$\",\"a\",null,{\"href\":\"/market-data/new-stock-exchange-listings-today\",\"target\":\"_blank\",\"children\":\"Listing\"}]}],[\"$\",\"li\",\"IPO\",{\"children\":[\"$\",\"a\",null,{\"href\":\"/market-data/all-upcoming-issues-ipo\",\"target\":\"_blank\",\"children\":\"IPO\"}]}],[\"$\",\"li\",\"Pre-Open Market\",{\"children\":[\"$\",\"a\",null,{\"href\":\"/market-data/pre-open-market-cm-and-emerge-market\",\"target\":\"_blank\",\"children\":\"Pre-Open Market\"}]}],[\"$\",\"li\",\"Top 20 Gainers/ Losers\",{\"children\":[\"$\",\"a\",null,{\"href\":\"/market-data/top-gainers-losers\",\"target\":\"_blank\",\"children\":\"Top 20 Gainers/ Losers\"}]}],[\"$\",\"li\",\"52 Week High/Low\",{\"children\":[\"$\",\"a\",null,{\"href\":\"/market-data/52-week-high-equity-market \",\"target\":\"_blank\",\"children\":\"52 Week High/Low\"}]}],[\"$\",\"li\",\"Price Band Hitters\",{\"children\":[\"$\",\"a\",null,{\"href\":\"/market-data/both-band-hitters\",\"target\":\"_blank\",\"children\":\"Price Band Hitters\"}]}],[\"$\",\"li\",\"Equity Market Watch\",{\"children\":[\"$\",\"a\",null,{\"href\":\"/market-data/live-equity-market\",\"target\":\"_blank\",\"children\":\"Equity Market Watch\"}]}],[\"$\",\"li\",\"SME Market Watch\",{\"children\":[\"$\",\"a\",null,{\"href\":\"/market-data/sme-market\",\"target\":\"_blank\",\"children\":\"SME Market Watch\"}]}],[\"$\",\"li\",\"Indices Watch\",{\"children\":[\"$\",\"a\",null,{\"href\":\"/market-data/live-market-indices\",\"target\":\"_blank\",\"children\":\"Indices Watch\"}]}],[\"$\",\"li\",\"ETF Market Watch\",{\"children\":[\"$\",\"a\",null,{\"href\":\"/market-data/exchange-traded-funds-etf\",\"target\":\"_blank\",\"children\":\"ETF Market Watch\"}]}],[\"$\",\"li\",\"Debt Market Watch\",{\"children\":[\"$\",\"a\",null,{\"href\":\"/market-data/bonds-traded-in-capital-market\",\"target\":\"_blank\",\"children\":\"Debt Market Watch\"}]}],[\"$\",\"li\",\"Bulk/Block Deals\",{\"children\":[\"$\",\"a\",null,{\"href\":\"/market-data/block-deal-watch\",\"target\":\"_blank\",\"children\":\"Bulk/Block Deals\"}]}],[\"$\",\"li\",\"SLB Market Watch\",{\"children\":[\"$\",\"a\",null,{\"href\":\"/market-data/securities-lending-and-borrowing\",\"target\":\"_blank\",\"children\":\"SLB Market Watch\"}]}]]}]]}],[\"$\",\"div\",\"Derivatives\",{\"className\":\"quick_links_details\",\"children\":[[\"$\",\"div\",null,{\"className\":\"link_icon\",\"children\":[\" \",[\"$\",\"span\",null,{\"className\":\"subtitle_text animate__animated animate__fadeInDown\",\"children\":\"Derivatives\"}]]}],[\"$\",\"ul\",null,{\"className\":\"quick_list me-2\",\"children\":[[\"$\",\"li\",\"Option Chain\",{\"children\":[\"$\",\"a\",null,{\"href\":\"/option-chain\",\"target\":\"_blank\",\"children\":\"Option Chain\"}]}],[\"$\",\"li\",\"Most Active Contracts\",{\"children\":[\"$\",\"a\",null,{\"href\":\"/market-data/most-active-contracts\",\"target\":\"_blank\",\"children\":\"Most Active Contracts\"}]}],[\"$\",\"li\",\"Most Active Underlying\",{\"children\":[\"$\",\"a\",null,{\"href\":\"/market-data/most-active-underlying\",\"target\":\"_blank\",\"children\":\"Most Active Underlying\"}]}],[\"$\",\"li\",\"Change in Open Interest\",{\"children\":[\"$\",\"a\",null,{\"href\":\"/market-data/oi-spurts\",\"target\":\"_blank\",\"children\":\"Change in Open Interest\"}]}],[\"$\",\"li\",\"Currency Derivatives\",{\"children\":[\"$\",\"a\",null,{\"href\":\"/market-data/currency-derivatives\",\"target\":\"_blank\",\"children\":\"Currency Derivatives\"}]}],[\"$\",\"li\",\"Commodity Derivatives\",{\"children\":[\"$\",\"a\",null,{\"href\":\"/market-data/commodity-derivatives\",\"target\":\"_blank\",\"children\":\"Commodity Derivatives\"}]}],[\"$\",\"li\",\"Interest Rate Derivatives\",{\"children\":[\"$\",\"a\",null,{\"href\":\"/market-data/bond-market-futures\",\"target\":\"_blank\",\"children\":\"Interest Rate Derivatives\"}]}]]}]]}],[\"$\",\"div\",\"Reports\",{\"className\":\"quick_links_details\",\"children\":[[\"$\",\"div\",null,{\"className\":\"link_icon\",\"children\":[\" \",[\"$\",\"span\",null,{\"className\":\"subtitle_text animate__animated animate__fadeInDown\",\"children\":\"Reports\"}]]}],[\"$\",\"ul\",null,{\"className\":\"quick_list me-2\",\"children\":[[\"$\",\"li\",\"Equity Bhavcopy\",{\"children\":[\"$\",\"a\",null,{\"href\":\"/all-reports\",\"target\":\"_blank\",\"children\":\"Equity Bhavcopy\"}]}],[\"$\",\"li\",\"Equity Derivatives Bhavcopy\",{\"children\":[\"$\",\"a\",null,{\"href\":\"/all-reports-derivatives#cr_deriv_equity\",\"target\":\"_blank\",\"children\":\"Equity Derivatives Bhavcopy\"}]}],[\"$\",\"li\",\"Security-wise Price Volume\",{\"children\":[\"$\",\"a\",null,{\"href\":\"/report-detail/eq_security\",\"target\":\"_blank\",\"children\":\"Security-wise Price Volume\"}]}],[\"$\",\"li\",\"Contract-wise Price Volume\",{\"children\":[\"$\",\"a\",null,{\"href\":\"/report-detail/fo_eq_security\",\"target\":\"_blank\",\"children\":\"Contract-wise Price Volume\"}]}],[\"$\",\"li\",\"Currency Derivatives Bhavcopy\",{\"children\":[\"$\",\"a\",null,{\"href\":\"/all-reports-derivatives#cr_derv_currency\",\"target\":\"_blank\",\"children\":\"Currency Derivatives Bhavcopy\"}]}],[\"$\",\"li\",\"Commodity Derivatives Bhavcopy\",{\"children\":[\"$\",\"a\",null,{\"href\":\"/all-reports-derivatives#cr_derv_commodity\",\"target\":\"_blank\",\"children\":\"Commodity Derivatives Bhavcopy\"}]}],[\"$\",\"li\",\"Historical Index Data\",{\"children\":[\"$\",\"a\",null,{\"href\":\"/reports-indices-historical-index-data\",\"target\":\"_blank\",\"children\":\"Historical Index Data\"}]}],[\"$\",\"li\",\"Business Growth \u0026 Volume\",{\"children\":[\"$\",\"a\",null,{\"href\":\"/national-stock-exchange/nse-volume-business-growth\",\"target\":\"_blank\",\"children\":\"Business Growth \u0026 Volume\"}]}]]}]]}],[\"$\",\"div\",\"Corporates\",{\"className\":\"quick_links_details\",\"children\":[[\"$\",\"div\",null,{\"className\":\"link_icon\",\"children\":[\" \",[\"$\",\"span\",null,{\"className\":\"subtitle_text animate__animated animate__fadeInDown\",\"children\":\"Corporates\"}]]}],[\"$\",\"ul\",null,{\"className\":\"quick_list me-2\",\"children\":[[\"$\",\"li\",\"Announcements\",{\"children\":[\"$\",\"a\",null,{\"href\":\"/companies-listing/corporate-filings-announcements\",\"target\":\"_blank\",\"children\":\"Announcements\"}]}],[\"$\",\"li\",\"Corporate Actions\",{\"children\":[\"$\",\"a\",null,{\"href\":\"/companies-listing/corporate-filings-actions\",\"target\":\"_blank\",\"children\":\"Corporate Actions\"}]}],[\"$\",\"li\",\"Financial Results\",{\"children\":[\"$\",\"a\",null,{\"href\":\"/companies-listing/corporate-filings-financial-results\",\"target\":\"_blank\",\"children\":\"Financial Results\"}]}],[\"$\",\"li\",\"Board Meetings\",{\"children\":[\"$\",\"a\",null,{\"href\":\"/companies-listing/corporate-filings-board-meetings\",\"target\":\"_blank\",\"children\":\"Board Meetings\"}]}],[\"$\",\"li\",\"Annual Reports\",{\"children\":[\"$\",\"a\",null,{\"href\":\"/companies-listing/corporate-filings-annual-reports\",\"target\":\"_blank\",\"children\":\"Annual Reports\"}]}],[\"$\",\"li\",\"Shareholding Patterns\",{\"children\":[\"$\",\"a\",null,{\"href\":\"/companies-listing/corporate-filings-shareholding-pattern\",\"target\":\"_blank\",\"children\":\"Shareholding Patterns\"}]}],[\"$\",\"li\",\"Unitholding Patterns\",{\"children\":[\"$\",\"a\",null,{\"href\":\"/companies-listing/corporate-filings-unitholding-pattern\",\"target\":\"_blank\",\"children\":\"Unitholding Patterns\"}]}],[\"$\",\"li\",\"Shareholder's Meetings\",{\"children\":[\"$\",\"a\",null,{\"href\":\"/companies-listing/corporate-filings-postal-ballot\",\"target\":\"_blank\",\"children\":\"Shareholder's Meetings\"}]}],[\"$\",\"li\",\"Voting Results\",{\"children\":[\"$\",\"a\",null,{\"href\":\"/companies-listing/corporate-filings-voting-results\",\"target\":\"_blank\",\"children\":\"Voting Results\"}]}]]}]]}],[\"$\",\"div\",\"Exchange Communication\",{\"className\":\"quick_links_details\",\"children\":[[\"$\",\"div\",null,{\"className\":\"link_icon\",\"children\":[\" \",[\"$\",\"span\",null,{\"className\":\"subtitle_text animate__animated animate__fadeInDown\",\"children\":\"Exchange Communication\"}]]}],[\"$\",\"ul\",null,{\"className\":\"quick_list me-2\",\"children\":[[\"$\",\"li\",\"Circulars\",{\"children\":[\"$\",\"a\",null,{\"href\":\"/resources/exchange-communication-circulars\",\"target\":\"_blank\",\"children\":\"Circulars\"}]}],[\"$\",\"li\",\"Press Releases\",{\"children\":[\"$\",\"a\",null,{\"href\":\"/resources/exchange-communication-press-releases\",\"target\":\"_blank\",\"children\":\"Press Releases\"}]}],[\"$\",\"li\",\"Holidays\",{\"children\":[\"$\",\"a\",null,{\"href\":\"/resources/exchange-communication-holidays\",\"target\":\"_blank\",\"children\":\"Holidays\"}]}],[\"$\",\"li\",\"Media Center\",{\"children\":[\"$\",\"a\",null,{\"href\":\"/resources/exchange-communication-media-center\",\"target\":\"_blank\",\"children\":\"Media Center\"}]}],[\"$\",\"li\",\"Online Courses\",{\"children\":[\"$\",\"a\",null,{\"href\":\"/learn/interactive-courses\",\"target\":\"_blank\",\"children\":\"Online Courses\"}]}],[\"$\",\"li\",\"Forms \u0026 Formats\",{\"children\":[\"$\",\"a\",null,{\"href\":\"/resources/forms-formats-members\",\"target\":\"_blank\",\"children\":\"Forms \u0026 Formats\"}]}],[\"$\",\"li\",\"Contact Us\",{\"children\":[\"$\",\"a\",null,{\"href\":\"/contact/contact-us\",\"target\":\"_blank\",\"children\":\"Contact Us\"}]}]]}]]}]]]}]}],[\"$\",\"$L18\",null,{}]]}]\n"])</script><script nonce="MC40ODI3OTkwOTIw">self.__next_f.push([1,"1a:I[1581,[\"3676\",\"static/chunks/870fdd6f-44410c7205f00992.js\",\"6990\",\"static/chunks/13b76428-7de9559f29955819.js\",\"1845\",\"static/chunks/ee46dcfd-e002a585dbc97043.js\",\"4762\",\"static/chunks/52271efe-0e24235401e280d0.js\",\"4531\",\"static/chunks/4531-dc3d81228e233e36.js\",\"887\",\"static/chunks/887-269286506ddc5cd8.js\",\"5308\",\"static/chunks/5308-38beac743b5f0639.js\",\"8003\",\"static/chunks/8003-1eb9d4112d403de3.js\",\"9363\",\"static/chunks/9363-d168ff99bd589467.js\",\"6092\",\"static/chunks/6092-73fb079cb2d1df06.js\",\"1931\",\"static/chunks/app/page-311f592295dc4518.js\"],\"HomeMarque\"]\n1b:I[1581,[\"3676\",\"static/chunks/870fdd6f-44410c7205f00992.js\",\"6990\",\"static/chunks/13b76428-7de9559f29955819.js\",\"1845\",\"static/chunks/ee46dcfd-e002a585dbc97043.js\",\"4762\",\"static/chunks/52271efe-0e24235401e280d0.js\",\"4531\",\"static/chunks/4531-dc3d81228e233e36.js\",\"887\",\"static/chunks/887-269286506ddc5cd8.js\",\"5308\",\"static/chunks/5308-38beac743b5f0639.js\",\"8003\",\"static/chunks/8003-1eb9d4112d403de3.js\",\"9363\",\"static/chunks/9363-d168ff99bd589467.js\",\"6092\",\"static/chunks/6092-73fb079cb2d1df06.js\",\"1931\",\"static/chunks/app/page-311f592295dc4518.js\"],\"NiftyMarque\"]\n1c:I[9789,[\"3676\",\"static/chunks/870fdd6f-44410c7205f00992.js\",\"6990\",\"static/chunks/13b76428-7de9559f29955819.js\",\"1845\",\"static/chunks/ee46dcfd-e002a585dbc97043.js\",\"4762\",\"static/chunks/52271efe-0e24235401e280d0.js\",\"4531\",\"static/chunks/4531-dc3d81228e233e36.js\",\"887\",\"static/chunks/887-269286506ddc5cd8.js\",\"5308\",\"static/chunks/5308-38beac743b5f0639.js\",\"8003\",\"static/chunks/8003-1eb9d4112d403de3.js\",\"9363\",\"static/chunks/9363-d168ff99bd589467.js\",\"6092\",\"static/chunks/6092-73fb079cb2d1df06.js\",\"1931\",\"static/chunks/app/page-311f592295dc4518.js\"],\"default\"]\n1d:I[2131,[\"3676\",\"static/chunks/870fdd6f-44410c7205f00992.js\",\"6990\",\"static/chunks/13b76428-7de9559f29955819.js\",\"1845\",\"static/chunks/ee46dcfd-e002a585dbc97043.js\",\"4762\",\"static/chunks/52271efe-0e24235401e280d0.js\",\"4531\",\"static/chunks/4531-dc3d81228e233e36.js\",\"887\",\"static/chunks/887-269286506ddc5cd8.js\",\"5308\",\"static/chunks"])</script><script nonce="MC40ODI3OTkwOTIw">self.__next_f.push([1,"/5308-38beac743b5f0639.js\",\"8003\",\"static/chunks/8003-1eb9d4112d403de3.js\",\"9363\",\"static/chunks/9363-d168ff99bd589467.js\",\"6092\",\"static/chunks/6092-73fb079cb2d1df06.js\",\"1931\",\"static/chunks/app/page-311f592295dc4518.js\"],\"default\"]\n1e:I[8490,[\"3676\",\"static/chunks/870fdd6f-44410c7205f00992.js\",\"6990\",\"static/chunks/13b76428-7de9559f29955819.js\",\"1845\",\"static/chunks/ee46dcfd-e002a585dbc97043.js\",\"4762\",\"static/chunks/52271efe-0e24235401e280d0.js\",\"4531\",\"static/chunks/4531-dc3d81228e233e36.js\",\"887\",\"static/chunks/887-269286506ddc5cd8.js\",\"5308\",\"static/chunks/5308-38beac743b5f0639.js\",\"8003\",\"static/chunks/8003-1eb9d4112d403de3.js\",\"9363\",\"static/chunks/9363-d168ff99bd589467.js\",\"6092\",\"static/chunks/6092-73fb079cb2d1df06.js\",\"1931\",\"static/chunks/app/page-311f592295dc4518.js\"],\"default\"]\n1f:I[5875,[\"3676\",\"static/chunks/870fdd6f-44410c7205f00992.js\",\"6990\",\"static/chunks/13b76428-7de9559f29955819.js\",\"1845\",\"static/chunks/ee46dcfd-e002a585dbc97043.js\",\"4762\",\"static/chunks/52271efe-0e24235401e280d0.js\",\"4531\",\"static/chunks/4531-dc3d81228e233e36.js\",\"887\",\"static/chunks/887-269286506ddc5cd8.js\",\"5308\",\"static/chunks/5308-38beac743b5f0639.js\",\"8003\",\"static/chunks/8003-1eb9d4112d403de3.js\",\"9363\",\"static/chunks/9363-d168ff99bd589467.js\",\"6092\",\"static/chunks/6092-73fb079cb2d1df06.js\",\"1931\",\"static/chunks/app/page-311f592295dc4518.js\"],\"default\"]\n20:I[415,[\"3676\",\"static/chunks/870fdd6f-44410c7205f00992.js\",\"6990\",\"static/chunks/13b76428-7de9559f29955819.js\",\"1845\",\"static/chunks/ee46dcfd-e002a585dbc97043.js\",\"4762\",\"static/chunks/52271efe-0e24235401e280d0.js\",\"4531\",\"static/chunks/4531-dc3d81228e233e36.js\",\"887\",\"static/chunks/887-269286506ddc5cd8.js\",\"5308\",\"static/chunks/5308-38beac743b5f0639.js\",\"8003\",\"static/chunks/8003-1eb9d4112d403de3.js\",\"9363\",\"static/chunks/9363-d168ff99bd589467.js\",\"6092\",\"static/chunks/6092-73fb079cb2d1df06.js\",\"1931\",\"static/chunks/app/page-311f592295dc4518.js\"],\"default\"]\n21:I[1031,[\"3676\",\"static/chunks/870fdd6f-44410c7205f00992.js\",\"6990\",\"static/chunks/13b76428-7de9559f29955"])</script><script nonce="MC40ODI3OTkwOTIw">self.__next_f.push([1,"819.js\",\"1845\",\"static/chunks/ee46dcfd-e002a585dbc97043.js\",\"4762\",\"static/chunks/52271efe-0e24235401e280d0.js\",\"4531\",\"static/chunks/4531-dc3d81228e233e36.js\",\"887\",\"static/chunks/887-269286506ddc5cd8.js\",\"5308\",\"static/chunks/5308-38beac743b5f0639.js\",\"8003\",\"static/chunks/8003-1eb9d4112d403de3.js\",\"9363\",\"static/chunks/9363-d168ff99bd589467.js\",\"6092\",\"static/chunks/6092-73fb079cb2d1df06.js\",\"1931\",\"static/chunks/app/page-311f592295dc4518.js\"],\"BannerDataProvider\"]\n22:\"$Sreact.suspense\"\n23:I[1523,[\"3676\",\"static/chunks/870fdd6f-44410c7205f00992.js\",\"6990\",\"static/chunks/13b76428-7de9559f29955819.js\",\"1845\",\"static/chunks/ee46dcfd-e002a585dbc97043.js\",\"4762\",\"static/chunks/52271efe-0e24235401e280d0.js\",\"4531\",\"static/chunks/4531-dc3d81228e233e36.js\",\"887\",\"static/chunks/887-269286506ddc5cd8.js\",\"5308\",\"static/chunks/5308-38beac743b5f0639.js\",\"8003\",\"static/chunks/8003-1eb9d4112d403de3.js\",\"9363\",\"static/chunks/9363-d168ff99bd589467.js\",\"6092\",\"static/chunks/6092-73fb079cb2d1df06.js\",\"1931\",\"static/chunks/app/page-311f592295dc4518.js\"],\"BailoutToCSR\"]\n24:I[1657,[\"3676\",\"static/chunks/870fdd6f-44410c7205f00992.js\",\"6990\",\"static/chunks/13b76428-7de9559f29955819.js\",\"1845\",\"static/chunks/ee46dcfd-e002a585dbc97043.js\",\"4762\",\"static/chunks/52271efe-0e24235401e280d0.js\",\"4531\",\"static/chunks/4531-dc3d81228e233e36.js\",\"887\",\"static/chunks/887-269286506ddc5cd8.js\",\"5308\",\"static/chunks/5308-38beac743b5f0639.js\",\"8003\",\"static/chunks/8003-1eb9d4112d403de3.js\",\"9363\",\"static/chunks/9363-d168ff99bd589467.js\",\"6092\",\"static/chunks/6092-73fb079cb2d1df06.js\",\"1931\",\"static/chunks/app/page-311f592295dc4518.js\"],\"default\"]\n25:I[6002,[\"3676\",\"static/chunks/870fdd6f-44410c7205f00992.js\",\"6990\",\"static/chunks/13b76428-7de9559f29955819.js\",\"1845\",\"static/chunks/ee46dcfd-e002a585dbc97043.js\",\"4762\",\"static/chunks/52271efe-0e24235401e280d0.js\",\"4531\",\"static/chunks/4531-dc3d81228e233e36.js\",\"887\",\"static/chunks/887-269286506ddc5cd8.js\",\"5308\",\"static/chunks/5308-38beac743b5f0639.js\",\"8003\",\"static/chunks/8003-1eb9d4112d403de3.js\",\""])</script><script nonce="MC40ODI3OTkwOTIw">self.__next_f.push([1,"9363\",\"static/chunks/9363-d168ff99bd589467.js\",\"6092\",\"static/chunks/6092-73fb079cb2d1df06.js\",\"1931\",\"static/chunks/app/page-311f592295dc4518.js\"],\"default\"]\n26:I[6529,[\"3676\",\"static/chunks/870fdd6f-44410c7205f00992.js\",\"6990\",\"static/chunks/13b76428-7de9559f29955819.js\",\"1845\",\"static/chunks/ee46dcfd-e002a585dbc97043.js\",\"4762\",\"static/chunks/52271efe-0e24235401e280d0.js\",\"4531\",\"static/chunks/4531-dc3d81228e233e36.js\",\"887\",\"static/chunks/887-269286506ddc5cd8.js\",\"5308\",\"static/chunks/5308-38beac743b5f0639.js\",\"8003\",\"static/chunks/8003-1eb9d4112d403de3.js\",\"9363\",\"static/chunks/9363-d168ff99bd589467.js\",\"6092\",\"static/chunks/6092-73fb079cb2d1df06.js\",\"1931\",\"static/chunks/app/page-311f592295dc4518.js\"],\"default\"]\n27:I[814,[\"3676\",\"static/chunks/870fdd6f-44410c7205f00992.js\",\"6990\",\"static/chunks/13b76428-7de9559f29955819.js\",\"1845\",\"static/chunks/ee46dcfd-e002a585dbc97043.js\",\"4762\",\"static/chunks/52271efe-0e24235401e280d0.js\",\"4531\",\"static/chunks/4531-dc3d81228e233e36.js\",\"887\",\"static/chunks/887-269286506ddc5cd8.js\",\"5308\",\"static/chunks/5308-38beac743b5f0639.js\",\"8003\",\"static/chunks/8003-1eb9d4112d403de3.js\",\"9363\",\"static/chunks/9363-d168ff99bd589467.js\",\"6092\",\"static/chunks/6092-73fb079cb2d1df06.js\",\"1931\",\"static/chunks/app/page-311f592295dc4518.js\"],\"default\"]\n28:I[7716,[\"3676\",\"static/chunks/870fdd6f-44410c7205f00992.js\",\"6990\",\"static/chunks/13b76428-7de9559f29955819.js\",\"1845\",\"static/chunks/ee46dcfd-e002a585dbc97043.js\",\"4762\",\"static/chunks/52271efe-0e24235401e280d0.js\",\"4531\",\"static/chunks/4531-dc3d81228e233e36.js\",\"887\",\"static/chunks/887-269286506ddc5cd8.js\",\"5308\",\"static/chunks/5308-38beac743b5f0639.js\",\"8003\",\"static/chunks/8003-1eb9d4112d403de3.js\",\"9363\",\"static/chunks/9363-d168ff99bd589467.js\",\"6092\",\"static/chunks/6092-73fb079cb2d1df06.js\",\"1931\",\"static/chunks/app/page-311f592295dc4518.js\"],\"default\"]\n29:I[120,[\"3676\",\"static/chunks/870fdd6f-44410c7205f00992.js\",\"6990\",\"static/chunks/13b76428-7de9559f29955819.js\",\"1845\",\"static/chunks/ee46dcfd-e002a585dbc97043.js\",\"4762\",\"static/ch"])</script><script nonce="MC40ODI3OTkwOTIw">self.__next_f.push([1,"unks/52271efe-0e24235401e280d0.js\",\"4531\",\"static/chunks/4531-dc3d81228e233e36.js\",\"887\",\"static/chunks/887-269286506ddc5cd8.js\",\"5308\",\"static/chunks/5308-38beac743b5f0639.js\",\"8003\",\"static/chunks/8003-1eb9d4112d403de3.js\",\"9363\",\"static/chunks/9363-d168ff99bd589467.js\",\"6092\",\"static/chunks/6092-73fb079cb2d1df06.js\",\"1931\",\"static/chunks/app/page-311f592295dc4518.js\"],\"default\"]\n2a:I[9475,[\"3676\",\"static/chunks/870fdd6f-44410c7205f00992.js\",\"6990\",\"static/chunks/13b76428-7de9559f29955819.js\",\"1845\",\"static/chunks/ee46dcfd-e002a585dbc97043.js\",\"4762\",\"static/chunks/52271efe-0e24235401e280d0.js\",\"4531\",\"static/chunks/4531-dc3d81228e233e36.js\",\"887\",\"static/chunks/887-269286506ddc5cd8.js\",\"5308\",\"static/chunks/5308-38beac743b5f0639.js\",\"8003\",\"static/chunks/8003-1eb9d4112d403de3.js\",\"9363\",\"static/chunks/9363-d168ff99bd589467.js\",\"6092\",\"static/chunks/6092-73fb079cb2d1df06.js\",\"1931\",\"static/chunks/app/page-311f592295dc4518.js\"],\"default\"]\n2b:I[2145,[\"3676\",\"static/chunks/870fdd6f-44410c7205f00992.js\",\"6990\",\"static/chunks/13b76428-7de9559f29955819.js\",\"1845\",\"static/chunks/ee46dcfd-e002a585dbc97043.js\",\"4762\",\"static/chunks/52271efe-0e24235401e280d0.js\",\"4531\",\"static/chunks/4531-dc3d81228e233e36.js\",\"887\",\"static/chunks/887-269286506ddc5cd8.js\",\"5308\",\"static/chunks/5308-38beac743b5f0639.js\",\"8003\",\"static/chunks/8003-1eb9d4112d403de3.js\",\"9363\",\"static/chunks/9363-d168ff99bd589467.js\",\"6092\",\"static/chunks/6092-73fb079cb2d1df06.js\",\"1931\",\"static/chunks/app/page-311f592295dc4518.js\"],\"default\"]\n2c:I[8820,[\"3676\",\"static/chunks/870fdd6f-44410c7205f00992.js\",\"6990\",\"static/chunks/13b76428-7de9559f29955819.js\",\"1845\",\"static/chunks/ee46dcfd-e002a585dbc97043.js\",\"4762\",\"static/chunks/52271efe-0e24235401e280d0.js\",\"4531\",\"static/chunks/4531-dc3d81228e233e36.js\",\"887\",\"static/chunks/887-269286506ddc5cd8.js\",\"5308\",\"static/chunks/5308-38beac743b5f0639.js\",\"8003\",\"static/chunks/8003-1eb9d4112d403de3.js\",\"9363\",\"static/chunks/9363-d168ff99bd589467.js\",\"6092\",\"static/chunks/6092-73fb079cb2d1df06.js\",\"1931\",\"static/chunk"])</script><script nonce="MC40ODI3OTkwOTIw">self.__next_f.push([1,"s/app/page-311f592295dc4518.js\"],\"default\"]\n"])</script><script nonce="MC40ODI3OTkwOTIw">self.__next_f.push([1,"16:[[\"$\",\"$L9\",null,{\"type\":\"application/ld+json\",\"id\":\"organisational-schema\",\"children\":\"\\n          \\\"@context\\\": \\\"https://schema.org\\\",\\n          \\\"@type\\\": \\\"Corporation\\\",\\n          \\\"name\\\": \\\"NSE - National Stock Exchange of India Ltd\\\",\\n          \\\"url\\\": \\\"https://www.nseindia.com/\\\",\\n          \\\"logo\\\": \\\"https://www.nseindia.com/next-assets/images/NSE_Logo.svg\\\"\\n        \"}],[\"$\",\"$L1a\",null,{}],[\"$\",\"$L1b\",null,{\"MarqueeData\":[{\"symbol\":\"ADANIENT\",\"lastTradedPrice\":2449.6,\"change\":29,\"perChange\":1.2},{\"symbol\":\"ADANIPORTS\",\"lastTradedPrice\":1353.9,\"change\":15.9,\"perChange\":1.19},{\"symbol\":\"APOLLOHOSP\",\"lastTradedPrice\":7055,\"change\":45.5,\"perChange\":0.65},{\"symbol\":\"ASIANPAINT\",\"lastTradedPrice\":2279.5,\"change\":11.5,\"perChange\":0.51},{\"symbol\":\"AXISBANK\",\"lastTradedPrice\":1216.1,\"change\":-1.4,\"perChange\":-0.11},{\"symbol\":\"BAJAJ-AUTO\",\"lastTradedPrice\":8345,\"change\":59,\"perChange\":0.71},{\"symbol\":\"BAJAJFINSV\",\"lastTradedPrice\":1976.8,\"change\":9.2,\"perChange\":0.47},{\"symbol\":\"BAJFINANCE\",\"lastTradedPrice\":902,\"change\":1.5,\"perChange\":0.17},{\"symbol\":\"BEL\",\"lastTradedPrice\":407.05,\"change\":8.5,\"perChange\":2.13},{\"symbol\":\"BHARTIARTL\",\"lastTradedPrice\":1934,\"change\":57,\"perChange\":3.04},{\"symbol\":\"CIPLA\",\"lastTradedPrice\":1493,\"change\":9,\"perChange\":0.61},{\"symbol\":\"COALINDIA\",\"lastTradedPrice\":388,\"change\":3.75,\"perChange\":0.98},{\"symbol\":\"DRREDDY\",\"lastTradedPrice\":1322.8,\"change\":-3.3,\"perChange\":-0.25},{\"symbol\":\"EICHERMOT\",\"lastTradedPrice\":5512,\"change\":18.5,\"perChange\":0.34},{\"symbol\":\"ETERNAL\",\"lastTradedPrice\":253,\"change\":3.58,\"perChange\":1.44},{\"symbol\":\"GRASIM\",\"lastTradedPrice\":2702.7,\"change\":9.5,\"perChange\":0.35},{\"symbol\":\"HCLTECH\",\"lastTradedPrice\":1736.9,\"change\":23,\"perChange\":1.34},{\"symbol\":\"HDFCBANK\",\"lastTradedPrice\":1963.1,\"change\":27.8,\"perChange\":1.44},{\"symbol\":\"HDFCLIFE\",\"lastTradedPrice\":778,\"change\":18.25,\"perChange\":2.4},{\"symbol\":\"HEROMOTOCO\",\"lastTradedPrice\":4331.1,\"change\":-53.2,\"perChange\":-1.21},{\"symbol\":\"HINDALCO\",\"lastTradedPrice\":644.3,\"change\":2.95,\"perChange\":0.46},{\"symbol\":\"HINDUNILVR\",\"lastTradedPrice\":2302,\"change\":7.8,\"perChange\":0.34},{\"symbol\":\"ICICIBANK\",\"lastTradedPrice\":1426.4,\"change\":15.1,\"perChange\":1.07},{\"symbol\":\"INDUSINDBK\",\"lastTradedPrice\":844,\"change\":6.5,\"perChange\":0.78},{\"symbol\":\"INFY\",\"lastTradedPrice\":1618,\"change\":-0.4,\"perChange\":-0.02},{\"symbol\":\"ITC\",\"lastTradedPrice\":417.25,\"change\":1.25,\"perChange\":0.3},{\"symbol\":\"JIOFIN\",\"lastTradedPrice\":293.5,\"change\":9.4,\"perChange\":3.31},{\"symbol\":\"JSWSTEEL\",\"lastTradedPrice\":1007.55,\"change\":11.5,\"perChange\":1.15},{\"symbol\":\"KOTAKBANK\",\"lastTradedPrice\":2170.9,\"change\":24.5,\"perChange\":1.14},{\"symbol\":\"LT\",\"lastTradedPrice\":3658,\"change\":36.9,\"perChange\":1.02},{\"symbol\":\"M\u0026M\",\"lastTradedPrice\":3189.9,\"change\":95.1,\"perChange\":3.07},{\"symbol\":\"MARUTI\",\"lastTradedPrice\":12787,\"change\":-19,\"perChange\":-0.15},{\"symbol\":\"NESTLEIND\",\"lastTradedPrice\":2383.1,\"change\":64.2,\"perChange\":2.77},{\"symbol\":\"NTPC\",\"lastTradedPrice\":334.2,\"change\":4.15,\"perChange\":1.26},{\"symbol\":\"ONGC\",\"lastTradedPrice\":251.2,\"change\":-0.36,\"perChange\":-0.14},{\"symbol\":\"POWERGRID\",\"lastTradedPrice\":292.7,\"change\":6.25,\"perChange\":2.18},{\"symbol\":\"RELIANCE\",\"lastTradedPrice\":1464.1,\"change\":30.8,\"perChange\":2.15},{\"symbol\":\"SBILIFE\",\"lastTradedPrice\":1810.7,\"change\":21.3,\"perChange\":1.19},{\"symbol\":\"SBIN\",\"lastTradedPrice\":795.25,\"change\":10.15,\"perChange\":1.29},{\"symbol\":\"SHRIRAMFIN\",\"lastTradedPrice\":663.95,\"change\":11.75,\"perChange\":1.8},{\"symbol\":\"SUNPHARMA\",\"lastTradedPrice\":1663.2,\"change\":15.6,\"perChange\":0.95},{\"symbol\":\"TATACONSUM\",\"lastTradedPrice\":1090.9,\"change\":2.6,\"perChange\":0.24},{\"symbol\":\"TATAMOTORS\",\"lastTradedPrice\":675.5,\"change\":3.2,\"perChange\":0.48},{\"symbol\":\"TATASTEEL\",\"lastTradedPrice\":151.7,\"change\":0.7,\"perChange\":0.46},{\"symbol\":\"TCS\",\"lastTradedPrice\":3429.1,\"change\":5.1,\"perChange\":0.15},{\"symbol\":\"TECHM\",\"lastTradedPrice\":1696,\"change\":12,\"perChange\":0.71},{\"symbol\":\"TITAN\",\"lastTradedPrice\":3510.4,\"change\":5,\"perChange\":0.14},{\"symbol\":\"TRENT\",\"lastTradedPrice\":5950,\"change\":226.5,\"perChange\":3.96},{\"symbol\":\"ULTRACEMCO\",\"lastTradedPrice\":11475,\"change\":55,\"perChange\":0.48},{\"symbol\":\"WIPRO\",\"lastTradedPrice\":265.8,\"change\":0.22,\"perChange\":0.08}]}],[\"$\",\"div\",null,{\"className\":\"banner-section padding_top_bottom pt-0\",\"children\":[\"$\",\"div\",null,{\"className\":\"container\",\"children\":[\"$\",\"div\",null,{\"className\":\"row\",\"children\":[[\"$\",\"$L1c\",null,{\"IndicesWatch\":[{\"indexName\":\"NIFTY 50\",\"open\":24787.65,\"high\":25136.2,\"low\":24783.65,\"last\":25112.4,\"previousClose\":24793.25,\"percChange\":1.29,\"yearHigh\":26277.35,\"yearLow\":21743.65,\"timeVal\":\"20-Jun-2025 15:30\",\"constituents\":null,\"indicativeClose\":0,\"icChange\":0,\"icPerChange\":0,\"isConstituents\":\"Y\"},{\"indexName\":\"NIFTY NEXT 50\",\"open\":65894.05,\"high\":66852.25,\"low\":65830.25,\"last\":66733.05,\"previousClose\":65848.15,\"percChange\":1.34,\"yearHigh\":77918,\"yearLow\":56192.45,\"timeVal\":\"20-Jun-2025 15:30\",\"constituents\":null,\"indicativeClose\":0,\"icChange\":0,\"icPerChange\":0,\"isConstituents\":\"Y\"},{\"indexName\":\"NIFTY FIN SERVICE\",\"open\":26294.1,\"high\":26680.25,\"low\":26292.95,\"last\":26648.7,\"previousClose\":26299.65,\"percChange\":1.33,\"yearHigh\":27086.7,\"yearLow\":22320.85,\"timeVal\":\"20-Jun-2025 15:30\",\"constituents\":null,\"indicativeClose\":0,\"icChange\":0,\"icPerChange\":0,\"isConstituents\":\"Y\"},{\"indexName\":\"NIFTY BANK\",\"open\":55566.7,\"high\":56328.2,\"low\":55566.4,\"last\":56252.85,\"previousClose\":55577.45,\"percChange\":1.22,\"yearHigh\":57049.5,\"yearLow\":47702.9,\"timeVal\":\"20-Jun-2025 15:30\",\"constituents\":null,\"indicativeClose\":0,\"icChange\":0,\"icPerChange\":0,\"isConstituents\":\"Y\"},{\"indexName\":\"NIFTY 100\",\"open\":25318.7,\"high\":25675.3,\"low\":25318.4,\"last\":25648.8,\"previousClose\":25320.45,\"percChange\":1.3,\"yearHigh\":27335.65,\"yearLow\":22177.35,\"timeVal\":\"20-Jun-2025 15:30\",\"constituents\":null,\"indicativeClose\":0,\"icChange\":0,\"icPerChange\":0,\"isConstituents\":\"Y\"},{\"indexName\":\"NIFTY MIDCAP 100\",\"open\":57162.65,\"high\":58094.15,\"low\":57132.75,\"last\":57995.5,\"previousClose\":57159.95,\"percChange\":1.46,\"yearHigh\":60925.95,\"yearLow\":46865.7,\"timeVal\":\"20-Jun-2025 15:30\",\"constituents\":null,\"indicativeClose\":0,\"icChange\":0,\"icPerChange\":0,\"isConstituents\":\"Y\"},{\"indexName\":\"NIFTY SMLCAP 100\",\"open\":18006.65,\"high\":18234,\"low\":17941.45,\"last\":18194.2,\"previousClose\":18013.1,\"percChange\":1.01,\"yearHigh\":19716.2,\"yearLow\":14084.3,\"timeVal\":\"20-Jun-2025 15:30\",\"constituents\":null,\"indicativeClose\":0,\"icChange\":0,\"icPerChange\":0,\"isConstituents\":\"Y\"},{\"indexName\":\"NIFTY AUTO\",\"open\":23462.95,\"high\":23720.25,\"low\":23403.7,\"last\":23679.35,\"previousClose\":23434.65,\"percChange\":1.04,\"yearHigh\":27696.1,\"yearLow\":19316.65,\"timeVal\":\"20-Jun-2025 15:30\",\"constituents\":null,\"indicativeClose\":0,\"icChange\":0,\"icPerChange\":0,\"isConstituents\":\"Y\"},{\"indexName\":\"NIFTY FMCG\",\"open\":54316.9,\"high\":54690.05,\"low\":54265.7,\"last\":54630.95,\"previousClose\":54283.5,\"percChange\":0.64,\"yearHigh\":66438.7,\"yearLow\":50199.35,\"timeVal\":\"20-Jun-2025 15:30\",\"constituents\":null,\"indicativeClose\":0,\"icChange\":0,\"icPerChange\":0,\"isConstituents\":\"Y\"},{\"indexName\":\"NIFTY IT\",\"open\":38674.2,\"high\":39041.05,\"low\":38454.05,\"last\":38991.45,\"previousClose\":38664.95,\"percChange\":0.84,\"yearHigh\":46088.9,\"yearLow\":30918.95,\"timeVal\":\"20-Jun-2025 15:30\",\"constituents\":null,\"indicativeClose\":0,\"icChange\":0,\"icPerChange\":0,\"isConstituents\":\"Y\"},{\"indexName\":\"NIFTY ALPHA 50\",\"open\":51438.1,\"high\":52262.95,\"low\":51201.25,\"last\":52160.2,\"previousClose\":51396.5,\"percChange\":1.49,\"yearHigh\":0,\"yearLow\":0,\"timeVal\":\"20-Jun-2025 15:30\",\"constituents\":null,\"indicativeClose\":0,\"icChange\":0,\"icPerChange\":0,\"isConstituents\":\"Y\"},{\"indexName\":\"NIFTY DIV OPPS 50\",\"open\":5984.4,\"high\":6046.05,\"low\":5980.9,\"last\":6040.3,\"previousClose\":5980.65,\"percChange\":1,\"yearHigh\":7012.65,\"yearLow\":5288.6,\"timeVal\":\"20-Jun-2025 15:30\",\"constituents\":null,\"indicativeClose\":0,\"icChange\":0,\"icPerChange\":0,\"isConstituents\":\"Y\"},{\"indexName\":\"NIFTY GROWSECT 15\",\"open\":11373.05,\"high\":11503.35,\"low\":11360.3,\"last\":11486.7,\"previousClose\":11365.2,\"percChange\":1.07,\"yearHigh\":13065.05,\"yearLow\":9722.65,\"timeVal\":\"20-Jun-2025 15:30\",\"constituents\":null,\"indicativeClose\":0,\"icChange\":0,\"icPerChange\":0,\"isConstituents\":\"Y\"}]}],[\"$\",\"$L1d\",null,{\"bannerData\":[{\"SEQ_NO\":16,\"ID\":110,\"ALT\":\"NSE Market Pulse Report - May 2025\",\"DMS_IMG_URL\":\"https://nsearchives.nseindia.com//web/banner/2025-05/WebBanner_636x555_May2025_20250529102058.jpg\",\"CTA_URL\":\"https://www.nseindia.com/research/publications-reports-nse-market-pulse\",\"TITLE\":\"NSE Market Pulse Report - May 2025\"},{\"SEQ_NO\":18,\"ID\":54,\"ALT\":\"NSE : Enabling a Billion Dreams! Watch the NSE Documentary\",\"DMS_IMG_URL\":\"https://nsearchives.nseindia.com//web/banner/2025-03/New_Web_Banner_636x55504_20250327145135.webp\",\"CTA_URL\":\"https://www.youtube.com/watch?v=fiRg41yJAF4\",\"TITLE\":\"NSE : Enabling a Billion Dreams! Watch the NSE Documentary\"},{\"SEQ_NO\":19,\"ID\":6,\"ALT\":\"Now accessing our website is easier than ever before\",\"DMS_IMG_URL\":\"https://nsearchives.nseindia.com//web/banner/2025-03/LanguageBanner_Final_20250315191415.jpg\",\"CTA_URL\":null,\"TITLE\":\"Now accessing our website is easier than ever before\"},{\"SEQ_NO\":21,\"ID\":55,\"ALT\":\"Inauguration of the Statue of NSE Bull by Hon'ble Governor of Maharashtra, Shri C.P. Radhakrishnan\",\"DMS_IMG_URL\":\"https://nsearchives.nseindia.com//web/banner/2025-03/New_Web_Banner_636x55502_20250327145316.webp\",\"CTA_URL\":null,\"TITLE\":\"Inauguration of the Statue of NSE Bull by Hon'ble Governor of Maharashtra, Shri C.P. Radhakrishnan\"},{\"SEQ_NO\":22,\"ID\":56,\"ALT\":\"Launch of NSE Coffee Table Book by Hon'ble Governor of Maharashtra, Shri C.P. Radhakrishnan\",\"DMS_IMG_URL\":\"https://nsearchives.nseindia.com//web/banner/2025-03/New_Web_Banner_636x55503_20250327145424.webp\",\"CTA_URL\":\"https://nsearchives.nseindia.com/web/sites/default/files/2024-10/Coffee_Table_Book.pdf\",\"TITLE\":\"Launch of NSE Coffee Table Book by Hon'ble Governor of Maharashtra, Shri C.P. Radhakrishnan\"},{\"SEQ_NO\":23,\"ID\":57,\"ALT\":\"Shri Ashishkumar Chauhan, MD \u0026 CEO, NSE presented the NSE Bull to the Hon?ble Prime Minister of India, Shri Narendra Modi\",\"DMS_IMG_URL\":\"https://nsearchives.nseindia.com//web/banner/2025-03/New_Web_Banner_636x55501_20250327145551.webp\",\"CTA_URL\":\"https://nsearchives.nseindia.com/web/sites/default/files/2024-07/20240724_NSE_Report_Indian_Capital_Markets_Digital.pdf\",\"TITLE\":\"Shri Ashishkumar Chauhan, MD \u0026 CEO, NSE presented the NSE Bull to the Hon?ble Prime Minister of India, Shri Narendra Modi\"},{\"SEQ_NO\":24,\"ID\":67,\"ALT\":\"NISM and SEBI are organising the National Finance Literacy Quiz (NFLQ) Competition 2025 for PG and UG students\",\"DMS_IMG_URL\":\"https://nsearchives.nseindia.com//web/banner/2025-03/NFLQwebbanner636X555_20250327180909.jpg\",\"CTA_URL\":\"https://nflq.nism.ac.in/\",\"TITLE\":\"NISM and SEBI are organising the National Finance Literacy Quiz (NFLQ) Competition 2025 for PG and UG students\"},{\"SEQ_NO\":25,\"ID\":81,\"ALT\":\"World's Largest Derivative Exchange for the 6th Consecutive year in 2024 (Source: FIA)\",\"DMS_IMG_URL\":\"https://nsearchives.nseindia.com//web/banner/2025-04/New_Web_Banner_636x55506_20250403115620.webp\",\"CTA_URL\":null,\"TITLE\":\"World's Largest Derivative Exchange for the 6th Consecutive year in 2024 (Source: FIA)\"},{\"SEQ_NO\":26,\"ID\":82,\"ALT\":\"Ranked 2nd in the world in the Equity Segment by number in trades in 2024 (Source: WFE)\",\"DMS_IMG_URL\":\"https://nsearchives.nseindia.com//web/banner/2025-04/New_Web_Banner_636x55507_20250403115714.webp\",\"CTA_URL\":null,\"TITLE\":\"Ranked 2nd in the world in the Equity Segment by number in trades in 2024 (Source: WFE)\"},{\"SEQ_NO\":27,\"ID\":11,\"ALT\":\"Options on WTI Crude Oil Futures and Natural Gas Futures Contracts\",\"DMS_IMG_URL\":\"https://nsearchives.nseindia.com//web/banner/2025-03/WTI_Final_20250315192208.jpg\",\"CTA_URL\":\"https://www.nseindia.com/products-services/commodity-derivatives-contract-specification-energy\",\"TITLE\":\"Options on WTI Crude Oil Futures and Natural Gas Futures Contracts\"},{\"SEQ_NO\":28,\"ID\":60,\"ALT\":\"Register now for the online Investor Certification Examination: https://sice.nism.ac.in/\",\"DMS_IMG_URL\":\"https://nsearchives.nseindia.com//web/banner/2025-03/New_Web_Banner_636x55505_20250327150003.webp\",\"CTA_URL\":\"https://sice.nism.ac.in/\",\"TITLE\":\"Register now for the online Investor Certification Examination: https://sice.nism.ac.in/\"}]}]]}]}]}],[\"$\",\"div\",null,{\"className\":\"market_section grey_bg padding_top_bottom\",\"children\":[\"$\",\"div\",null,{\"className\":\"container\",\"children\":[\"$\",\"div\",null,{\"className\":\"row\",\"children\":[[\"$\",\"$L1e\",null,{}],[\"$\",\"$L1f\",null,{}]]}]}]}],[\"$\",\"$L20\",null,{\"groupSize\":1,\"children\":[[\"$\",\"$L21\",null,{\"children\":[\"$\",\"div\",null,{\"className\":\"market-snapshort banner-section padding_top_bottom\",\"children\":[\"$\",\"div\",null,{\"className\":\"container\",\"children\":[\"$\",\"div\",null,{\"className\":\"row\",\"children\":[[\"$\",\"$22\",null,{\"fallback\":null,\"children\":[\"$\",\"$L23\",null,{\"reason\":\"next/dynamic\",\"children\":[\"$\",\"$L24\",null,{}]}]}],[\"$\",\"$22\",null,{\"fallback\":null,\"children\":[\"$\",\"$L23\",null,{\"reason\":\"next/dynamic\",\"children\":[\"$\",\"$L25\",null,{}]}]}]]}]}]}]}],[\"$\",\"div\",null,{\"className\":\"most_active padding_top_bottom grey_bg\",\"children\":[\"$\",\"$22\",null,{\"fallback\":null,\"children\":[\"$\",\"$L23\",null,{\"reason\":\"next/dynamic\",\"children\":[\"$\",\"$L26\",null,{}]}]}]}],[\"$\",\"div\",null,{\"className\":\"corporate_ipo_section padding_top_bottom pb-0\",\"children\":[\"$\",\"div\",null,{\"className\":\"container\",\"children\":[\"$\",\"div\",null,{\"className\":\"row\",\"children\":[[\"$\",\"$22\",null,{\"fallback\":null,\"children\":[\"$\",\"$L23\",null,{\"reason\":\"next/dynamic\",\"children\":[\"$\",\"$L27\",null,{}]}]}],[\"$\",\"$22\",null,{\"fallback\":null,\"children\":[\"$\",\"$L23\",null,{\"reason\":\"next/dynamic\",\"children\":[\"$\",\"$L28\",null,{}]}]}]]}]}]}],[\"$\",\"div\",null,{\"className\":\"reference_rates padding_top_bottom grey_bg\",\"children\":[\"$\",\"div\",null,{\"className\":\"container\",\"children\":[\"$\",\"div\",null,{\"className\":\"row\",\"children\":[[\"$\",\"$22\",null,{\"fallback\":null,\"children\":[\"$\",\"$L23\",null,{\"reason\":\"next/dynamic\",\"children\":[\"$\",\"$L29\",null,{}]}]}],[\"$\",\"$22\",null,{\"fallback\":null,\"children\":[\"$\",\"$L23\",null,{\"reason\":\"next/dynamic\",\"children\":[\"$\",\"$L2a\",null,{}]}]}]]}]}]}],[\"$\",\"$L21\",null,{\"children\":[\"$\",\"div\",null,{\"className\":\"promo_section padding_top_bottom\",\"children\":[\"$\",\"div\",null,{\"className\":\"container img-min-h\",\"children\":[\"$\",\"div\",null,{\"className\":\"row\",\"children\":[[\"$\",\"$22\",null,{\"fallback\":null,\"children\":[\"$\",\"$L23\",null,{\"reason\":\"next/dynamic\",\"children\":[\"$\",\"$L2b\",null,{}]}]}],[\"$\",\"$22\",null,{\"fallback\":null,\"children\":[\"$\",\"$L23\",null,{\"reason\":\"next/dynamic\",\"children\":[\"$\",\"$L2c\",null,{}]}]}]]}]}]}]}]]}]]\n"])</script><script nonce="MC40ODI3OTkwOTIw">self.__next_f.push([1,"2d:I[2490,[\"3676\",\"static/chunks/870fdd6f-44410c7205f00992.js\",\"6990\",\"static/chunks/13b76428-7de9559f29955819.js\",\"1845\",\"static/chunks/ee46dcfd-e002a585dbc97043.js\",\"4762\",\"static/chunks/52271efe-0e24235401e280d0.js\",\"4531\",\"static/chunks/4531-dc3d81228e233e36.js\",\"887\",\"static/chunks/887-269286506ddc5cd8.js\",\"5308\",\"static/chunks/5308-38beac743b5f0639.js\",\"8003\",\"static/chunks/8003-1eb9d4112d403de3.js\",\"9363\",\"static/chunks/9363-d168ff99bd589467.js\",\"6092\",\"static/chunks/6092-73fb079cb2d1df06.js\",\"1931\",\"static/chunks/app/page-311f592295dc4518.js\"],\"default\"]\n2e:I[233,[\"3676\",\"static/chunks/870fdd6f-44410c7205f00992.js\",\"6990\",\"static/chunks/13b76428-7de9559f29955819.js\",\"1845\",\"static/chunks/ee46dcfd-e002a585dbc97043.js\",\"4762\",\"static/chunks/52271efe-0e24235401e280d0.js\",\"4531\",\"static/chunks/4531-dc3d81228e233e36.js\",\"887\",\"static/chunks/887-269286506ddc5cd8.js\",\"5308\",\"static/chunks/5308-38beac743b5f0639.js\",\"8003\",\"static/chunks/8003-1eb9d4112d403de3.js\",\"9363\",\"static/chunks/9363-d168ff99bd589467.js\",\"6092\",\"static/chunks/6092-73fb079cb2d1df06.js\",\"1931\",\"static/chunks/app/page-311f592295dc4518.js\"],\"default\"]\n2f:I[3449,[\"3676\",\"static/chunks/870fdd6f-44410c7205f00992.js\",\"6990\",\"static/chunks/13b76428-7de9559f29955819.js\",\"1845\",\"static/chunks/ee46dcfd-e002a585dbc97043.js\",\"4762\",\"static/chunks/52271efe-0e24235401e280d0.js\",\"4531\",\"static/chunks/4531-dc3d81228e233e36.js\",\"887\",\"static/chunks/887-269286506ddc5cd8.js\",\"5308\",\"static/chunks/5308-38beac743b5f0639.js\",\"8003\",\"static/chunks/8003-1eb9d4112d403de3.js\",\"9363\",\"static/chunks/9363-d168ff99bd589467.js\",\"6092\",\"static/chunks/6092-73fb079cb2d1df06.js\",\"1931\",\"static/chunks/app/page-311f592295dc4518.js\"],\"default\"]\n30:I[6878,[\"3676\",\"static/chunks/870fdd6f-44410c7205f00992.js\",\"6990\",\"static/chunks/13b76428-7de9559f29955819.js\",\"1845\",\"static/chunks/ee46dcfd-e002a585dbc97043.js\",\"4762\",\"static/chunks/52271efe-0e24235401e280d0.js\",\"4531\",\"static/chunks/4531-dc3d81228e233e36.js\",\"887\",\"static/chunks/887-269286506ddc5cd8.js\",\"5308\",\"static/chunks/5308-38"])</script><script nonce="MC40ODI3OTkwOTIw">self.__next_f.push([1,"beac743b5f0639.js\",\"8003\",\"static/chunks/8003-1eb9d4112d403de3.js\",\"9363\",\"static/chunks/9363-d168ff99bd589467.js\",\"6092\",\"static/chunks/6092-73fb079cb2d1df06.js\",\"1931\",\"static/chunks/app/page-311f592295dc4518.js\"],\"default\"]\n15:[\"$\",\"div\",null,{\"className\":\"main_menu\",\"children\":[[\"$\",\"div\",null,{\"className\":\"container\",\"children\":[\"$\",\"div\",null,{\"className\":\"main-logo-menu\",\"children\":[\"$\",\"div\",null,{\"className\":\"row\",\"children\":[[\"$\",\"$L2d\",null,{}],[\"$\",\"$L2e\",null,{}],[\"$\",\"$L2f\",null,{\"NiftyData\":{\"indexName\":\"NIFTY 50\",\"open\":24787.65,\"high\":25136.2,\"low\":24783.65,\"last\":25112.4,\"previousClose\":24793.25,\"percChange\":1.29,\"yearHigh\":26277.35,\"yearLow\":21743.65,\"timeVal\":\"20-Jun-2025 15:30\",\"constituents\":null,\"indicativeClose\":0,\"icChange\":0,\"icPerChange\":0,\"isConstituents\":\"Y\"},\"GiftNifty\":{\"marketCapitalization\":{\"tlMKtCapTri\":5.143001504053821,\"tlMKtCapLacCr\":445.4523321710648,\"timestamp\":\"20-Jun-2025\"},\"usdInr\":{\"symbol\":\"USDINR\",\"updated_time\":\"20-Jun-2025 17:00\",\"ltp\":\"86.67\",\"instrument_type\":\"FUTCUR\",\"expiry_dt\":\"26-Jun-2025\"},\"giftNifty\":{\"instrumenttype\":\"FUTIDX\",\"symbol\":\"NIFTY\",\"expirydate\":\"26-Jun-2025\",\"optiontype\":\"-\",\"strikeprice\":0,\"lastprice\":25022,\"daychange\":-107,\"perchange\":-0.43,\"contractstraded\":82296,\"timestmp\":\"21-Jun-2025 02:51\",\"id\":\"1/NIFTYFUTIDX26-Jun-2025--\"}}}]]}]}]}],[\"$\",\"$L30\",null,{}]]}]\n19:[\"$\",\"div\",null,{\"className\":\"main_menu\",\"children\":[[\"$\",\"div\",null,{\"className\":\"container\",\"children\":[\"$\",\"div\",null,{\"className\":\"main-logo-menu\",\"children\":[\"$\",\"div\",null,{\"className\":\"row\",\"children\":[[\"$\",\"$L2d\",null,{}],[\"$\",\"$L2e\",null,{}],[\"$\",\"$L2f\",null,{\"NiftyData\":{\"indexName\":\"NIFTY 50\",\"open\":24787.65,\"high\":25136.2,\"low\":24783.65,\"last\":25112.4,\"previousClose\":24793.25,\"percChange\":1.29,\"yearHigh\":26277.35,\"yearLow\":21743.65,\"timeVal\":\"20-Jun-2025 15:30\",\"constituents\":null,\"indicativeClose\":0,\"icChange\":0,\"icPerChange\":0,\"isConstituents\":\"Y\"},\"GiftNifty\":{\"marketCapitalization\":{\"tlMKtCapTri\":5.143001504053821,\"tlMKtCapLacCr\":445.4523321710648,\"timestamp\":\"20-Jun-"])</script><script nonce="MC40ODI3OTkwOTIw">self.__next_f.push([1,"2025\"},\"usdInr\":{\"symbol\":\"USDINR\",\"updated_time\":\"20-Jun-2025 17:00\",\"ltp\":\"86.67\",\"instrument_type\":\"FUTCUR\",\"expiry_dt\":\"26-Jun-2025\"},\"giftNifty\":{\"instrumenttype\":\"FUTIDX\",\"symbol\":\"NIFTY\",\"expirydate\":\"26-Jun-2025\",\"optiontype\":\"-\",\"strikeprice\":0,\"lastprice\":25022,\"daychange\":-107,\"perchange\":-0.43,\"contractstraded\":82296,\"timestmp\":\"21-Jun-2025 02:51\",\"id\":\"1/NIFTYFUTIDX26-Jun-2025--\"}}}]]}]}]}],[\"$\",\"$L30\",null,{}]]}]\n"])</script><script type="text/javascript"  src="/p_zRDBvOGZnk5NLQEe1h7qRJPkU/Q7EO2cfNXkpJi3/b3o0AQ/PzxwK0t/aAlw"></script></body></html>